---> edu.hust.soict.cbls.algorithm.ga.GASolver Runtime: 5570
0 33 38 41 53 27 97 108 111 45 115 43 113 11 81 37 103 107 123 10 80 0
0 31 20 90 32 102 44 101 61 19 89 114 17 87 29 99 65 131 135 51 121 0
0 1 71 25 95 35 52 26 96 50 120 105 55 6 76 122 57 125 56 126 127 0
0 23 93 68 9 79 42 138 18 88 30 100 14 84 8 78 5 75 28 98 112 0
0 39 2 72 15 85 69 60 58 48 47 24 94 128 36 106 117 139 130 109 118 0
0 40 66 67 136 137 63 13 83 21 91 59 133 7 77 129 54 110 124 16 86 0
0 49 64 12 82 4 74 22 92 3 73 62 134 70 132 34 140 46 116 104 119 0
10381.421325946434
---> edu.hust.soict.cbls.algorithm.ga.GASolver Runtime: 2288
0 60 53 52 50 5 75 62 122 120 25 95 132 130 45 10 80 43 113 115 123 0
0 38 61 108 40 131 63 110 66 22 92 11 81 133 6 76 29 99 4 74 136 0
0 33 8 78 24 94 9 79 15 85 12 82 42 13 83 112 47 117 64 134 103 0
0 32 17 87 67 59 55 49 46 119 3 73 129 69 21 91 137 125 102 116 139 0
0 57 56 126 41 27 97 68 65 18 88 26 96 138 135 2 72 19 89 111 127 0
0 31 36 70 48 7 77 140 44 39 1 71 14 84 118 109 16 86 114 106 101 0
0 35 54 30 100 37 107 28 98 23 93 58 124 51 105 34 20 90 121 128 104 0
10087.470029087403
---> edu.hust.soict.cbls.algorithm.ga.GASolver Runtime: 4910
0 10 80 33 34 57 51 27 97 104 66 121 127 60 136 3 73 20 90 103 130 0
0 35 26 96 1 71 105 43 7 77 113 53 123 21 91 64 134 69 23 93 139 0
0 42 13 83 52 18 88 112 55 14 84 2 72 22 92 122 24 94 16 86 125 0
0 31 41 48 61 58 50 45 111 115 131 120 118 128 9 79 37 32 107 102 101 0
0 63 8 78 56 49 25 95 47 126 44 12 82 117 133 119 28 98 19 89 114 0
0 36 67 54 40 11 81 39 110 4 74 70 140 109 124 137 38 108 5 75 106 0
0 46 15 85 62 59 6 76 116 65 132 17 87 68 135 29 99 138 129 30 100 0
10184.274589068393
---> edu.hust.soict.cbls.algorithm.ga.GASolver Runtime: 1999
0 40 69 62 54 5 75 132 2 72 1 71 45 27 97 139 124 110 115 0
0 31 35 101 39 105 28 98 42 30 100 112 17 87 22 92 50 120 23 93 63 109 133 0
0 52 60 10 80 16 86 7 77 130 26 96 14 84 15 85 58 128 122 0
0 38 70 68 61 53 138 18 88 123 6 76 108 21 91 29 99 140 131 0
0 33 41 66 55 48 46 111 118 36 125 103 136 116 106 12 82 3 73 0
0 32 47 44 43 34 114 65 20 90 117 13 83 113 135 24 94 104 11 81 102 0
0 37 49 25 95 119 51 9 79 8 78 56 107 57 4 74 126 59 129 64 121 67 19 89 127 137 134 0
9617.006794670517
---> edu.hust.soict.cbls.algorithm.ga.GASolver Runtime: 2745
0 43 35 69 105 49 48 5 75 9 79 18 88 14 84 139 119 113 12 82 118 0
0 39 42 112 44 109 114 7 77 47 117 28 98 15 85 53 123 68 138 70 140 0
0 31 33 20 90 32 101 46 4 74 16 86 116 59 27 97 103 129 102 19 89 0
0 36 65 60 51 135 45 40 121 110 130 115 10 80 106 6 76 23 93 29 99 21 91 0
0 52 66 67 62 25 95 136 57 2 72 55 132 137 22 92 122 127 125 0
0 37 63 61 58 41 26 96 133 111 38 131 108 24 94 128 13 83 107 8 78 0
0 34 54 30 100 50 104 56 17 87 124 3 73 1 71 11 81 64 126 120 134 0
10520.067714082179
---> edu.hust.soict.cbls.algorithm.ga.GASolver Runtime: 1923
0 19 89 37 66 136 34 36 106 52 24 94 122 104 50 49 120 107 22 92 119 0
0 32 102 9 79 44 114 28 98 47 8 78 26 96 117 53 123 68 138 25 95 0
0 54 124 16 86 51 121 56 2 72 63 133 62 126 132 29 99 30 100 12 82 0
0 4 74 35 7 77 21 91 5 75 13 83 65 64 46 18 88 105 134 135 116 0
0 39 67 6 76 61 58 57 128 3 73 127 40 23 93 110 109 131 137 17 87 0
0 31 48 43 11 81 118 42 112 41 111 33 10 80 103 101 1 71 113 27 97 0
0 45 59 55 115 14 84 60 20 90 130 69 129 38 125 70 108 139 15 85 140 0
10409.168997428704
---> edu.hust.soict.cbls.algorithm.ga.GASolver Runtime: 1625
0 37 36 106 66 23 93 56 40 14 84 136 107 24 94 22 92 126 110 7 77 0
0 18 88 31 32 102 16 86 48 101 58 128 9 79 17 87 68 138 26 96 118 0
0 33 34 103 6 76 2 72 35 20 90 19 89 29 99 105 51 121 59 104 129 0
0 38 4 74 63 57 53 52 46 123 45 116 11 81 42 122 108 127 133 112 115 0
0 39 69 12 82 5 75 67 3 73 62 50 47 137 70 140 139 120 132 109 117 0
0 41 65 28 98 15 85 61 60 54 13 83 131 21 91 130 124 135 43 111 113 27 97 0
0 44 55 49 1 71 30 100 25 95 125 64 134 8 78 10 80 114 119 0
9804.084529783526
---> edu.hust.soict.cbls.algorithm.ga.GASolver Runtime: 1769
0 27 97 59 40 57 42 8 78 17 87 129 30 100 14 84 112 21 91 127 110 0
0 34 104 51 121 6 76 46 116 69 1 71 2 72 10 80 20 90 5 75 139 0
0 33 39 37 4 74 109 107 38 103 45 108 60 115 62 130 70 140 132 29 99 0
0 19 89 32 50 56 35 65 24 94 15 85 126 135 58 102 120 128 3 73 105 0
0 36 9 79 63 53 49 47 133 11 81 16 86 44 123 43 119 106 114 117 113 0
0 31 68 23 93 67 22 92 66 61 7 77 54 124 131 41 111 137 138 136 101 0
0 48 18 88 52 12 82 122 26 96 55 25 95 28 98 118 64 134 125 13 83 0
10033.75171003225
---> edu.hust.soict.cbls.algorithm.ga.GASolver Runtime: 2023
0 19 89 40 50 59 129 42 30 100 112 21 91 12 82 13 83 27 97 120 110 0
0 35 24 94 1 71 48 105 118 45 115 65 9 79 47 117 34 135 104 36 106 0
0 38 54 5 75 22 92 39 108 60 130 28 98 63 109 68 124 133 26 96 138 0
0 6 76 43 2 72 70 61 131 53 49 140 119 20 90 113 18 88 14 84 123 0
0 32 10 80 7 77 58 52 25 95 46 16 86 4 74 116 102 3 73 122 128 0
0 29 99 31 41 66 136 67 137 62 57 101 11 81 132 23 93 111 127 17 87 0
0 33 44 37 114 51 107 8 78 55 15 85 125 64 121 69 139 56 103 126 134 0
9032.871066642198
---> edu.hust.soict.cbls.algorithm.ga.GASolver Runtime: 5592
0 10 80 33 34 57 104 51 20 90 66 121 60 127 136 29 99 28 98 103 130 0
0 35 4 74 7 77 105 43 18 88 113 53 123 21 91 64 134 69 27 97 139 0
0 42 30 100 52 1 71 112 55 25 95 23 93 9 79 122 26 96 14 84 125 0
0 31 41 48 61 58 50 118 45 115 131 120 128 8 78 111 37 32 107 102 101 0
0 63 22 92 56 49 17 87 47 126 44 12 82 117 133 119 2 72 3 73 114 0
0 36 67 54 40 5 75 39 110 19 89 70 140 109 124 137 38 108 11 81 106 0
0 46 15 85 62 59 6 76 116 65 132 16 86 68 135 13 83 138 129 24 94 0
9666.196149219444
---> edu.hust.soict.cbls.algorithm.cbls.LocalSearch Runtime: 57383
0 61 18 88 48 1 71 53 131 47 44 42 117 26 96 112 118 123 114 66 136 46 116 0
0 39 10 80 68 109 63 3 73 133 13 83 138 12 82 67 137 0
0 35 22 92 29 99 55 105 52 21 91 41 125 59 122 129 5 75 15 85 111 0
0 19 89 38 17 87 9 79 64 30 100 62 50 134 108 120 132 0
0 70 4 74 43 57 51 8 78 127 121 31 140 101 7 77 113 27 97 16 86 0
0 60 32 45 49 69 130 65 115 14 84 28 98 135 34 24 94 139 119 2 72 23 93 102 104 0
0 37 33 20 90 25 95 36 107 103 56 58 126 54 106 40 6 76 128 11 81 124 110 0
5915.8876427440355
---> edu.hust.soict.cbls.algorithm.cbls.LocalSearch Runtime: 30740
0 32 48 38 69 49 118 65 41 12 82 139 9 79 108 34 111 135 16 86 119 102 104 0
0 33 10 80 67 137 66 136 103 56 58 126 5 75 46 116 22 92 11 81 128 6 76 0
0 19 89 23 93 57 51 3 73 121 50 59 129 13 83 14 84 120 127 0
0 60 18 88 53 31 123 45 101 1 71 130 47 44 42 117 26 96 112 21 91 115 28 98 114 0
0 61 20 90 35 15 85 25 95 29 99 105 52 131 55 62 122 125 2 72 132 0
0 39 70 4 74 68 109 43 63 40 8 78 133 7 77 138 113 140 27 97 110 0
0 37 17 87 36 107 54 64 134 106 30 100 24 94 124 0
6123.144045116419
---> edu.hust.soict.cbls.algorithm.cbls.LocalSearch Runtime: 35515
0 39 10 80 68 109 57 40 51 43 63 70 121 133 127 69 113 49 140 138 14 84 36 119 139 106 8 78 110 0
0 1 71 26 96 58 30 100 12 82 128 15 85 0
0 67 137 60 48 32 7 77 118 130 27 97 102 5 75 0
0 61 45 115 18 88 52 55 131 21 91 44 50 122 125 6 76 120 3 73 114 0
0 19 89 35 41 65 47 62 117 42 13 83 53 112 105 31 101 123 25 95 135 111 11 81 132 0
0 33 20 90 17 87 64 103 134 28 98 29 99 24 94 0
0 37 38 34 108 66 136 22 92 56 126 59 129 54 107 9 79 2 72 4 74 46 104 23 93 124 16 86 116 0
6140.2332744894165
---> edu.hust.soict.cbls.algorithm.cbls.LocalSearch Runtime: 87303
0 19 89 66 136 4 74 46 68 57 51 34 11 81 104 43 63 116 70 121 133 41 65 127 140 113 138 14 84 135 111 0
0 60 1 71 130 25 95 36 106 54 13 83 27 97 124 16 86 15 85 0
0 7 77 20 90 30 100 52 21 91 56 126 59 122 129 28 98 0
0 33 61 32 39 48 38 118 17 87 102 109 3 73 103 108 29 99 131 24 94 67 137 0
0 37 62 64 58 50 12 82 128 107 134 5 75 132 120 0
0 35 45 49 18 88 105 55 44 47 117 125 40 2 72 119 8 78 115 114 110 0
0 22 92 42 26 96 53 112 31 69 123 101 10 80 139 6 76 23 93 9 79 0
5865.950622482842
---> edu.hust.soict.cbls.algorithm.cbls.LocalSearch Runtime: 56095
0 60 20 90 41 12 82 68 67 43 57 51 121 127 65 130 113 138 14 84 135 111 137 0
0 37 22 92 107 56 126 54 58 24 94 124 16 86 66 136 11 81 128 6 76 46 9 79 116 0
0 33 32 61 1 71 131 31 101 25 95 103 36 2 72 106 5 75 23 93 102 0
0 7 77 69 21 91 13 83 52 55 44 122 125 139 63 3 73 133 114 0
0 18 88 62 47 30 100 42 117 26 96 53 112 123 17 87 132 0
0 19 89 35 48 45 38 70 29 99 105 49 140 115 118 34 15 85 28 98 108 119 104 0
0 39 10 80 109 4 74 40 59 64 129 50 134 8 78 27 97 120 110 0
5932.997518431207
---> edu.hust.soict.cbls.algorithm.cbls.LocalSearch Runtime: 37443
0 61 45 18 88 21 91 115 30 100 52 131 55 44 122 125 8 78 114 0
0 60 20 90 31 101 48 1 71 118 130 14 84 36 106 63 3 73 133 0
0 19 89 11 81 67 37 137 22 92 28 98 66 136 107 54 50 24 94 124 16 86 120 0
0 32 39 35 29 99 105 49 65 62 5 75 46 119 116 135 34 25 95 102 109 132 104 0
0 10 80 57 2 72 43 70 127 13 83 113 140 27 97 0
0 7 77 53 12 82 68 51 15 85 121 41 47 117 42 26 96 138 112 123 111 0
0 33 69 38 17 87 23 93 139 108 56 126 59 64 129 58 103 134 40 6 76 4 74 128 9 79 110 0
5782.996896714797
---> edu.hust.soict.cbls.algorithm.cbls.LocalSearch Runtime: 53478
0 60 32 38 130 62 36 102 16 86 108 29 99 49 17 87 119 106 6 76 132 0
0 39 48 118 45 7 77 115 69 27 97 139 9 79 5 75 109 0
0 33 20 90 25 95 103 47 117 58 54 59 129 50 24 94 124 23 93 128 2 72 120 0
0 1 71 26 96 12 82 67 43 57 70 137 127 53 113 31 140 123 101 0
0 10 80 68 35 56 30 100 138 105 21 91 41 44 64 126 134 40 28 98 111 114 110 0
0 61 18 88 52 131 55 42 122 125 13 83 112 14 84 66 136 3 73 0
0 37 19 89 63 22 92 4 74 51 107 8 78 65 133 121 15 85 34 135 11 81 46 104 116 0
5951.597404789024
---> edu.hust.soict.cbls.algorithm.cbls.LocalSearch Runtime: 83333
0 35 34 38 18 88 105 21 91 65 41 44 64 134 108 40 6 76 104 63 3 73 133 135 111 114 110 0
0 19 89 66 136 23 93 46 67 116 137 37 25 95 107 54 58 24 94 124 128 16 86 0
0 33 20 90 30 100 14 84 15 85 103 28 98 36 106 2 72 4 74 0
0 10 80 57 51 70 11 81 68 43 22 92 121 127 47 117 26 96 138 113 140 0
0 39 69 49 52 12 82 109 139 119 56 126 59 122 129 5 75 9 79 0
0 60 61 45 32 1 71 130 115 29 99 131 55 62 125 8 78 17 87 102 132 0
0 7 77 42 50 13 83 53 112 31 123 101 48 118 27 97 120 0
5646.01031803285
---> edu.hust.soict.cbls.algorithm.cbls.LocalSearch Runtime: 70404
0 10 80 43 70 11 81 67 23 93 57 51 40 8 78 127 121 41 65 113 140 111 135 137 110 0
0 22 92 66 15 85 24 94 16 86 28 98 29 99 14 84 136 0
0 19 89 35 61 18 88 52 105 131 55 62 122 125 5 75 132 63 3 73 133 0
0 1 71 53 12 82 68 47 117 42 13 83 138 112 31 123 101 0
0 20 90 25 95 37 39 7 77 58 50 44 54 107 6 76 109 124 128 120 114 0
0 60 32 45 49 69 130 115 27 97 36 4 74 139 119 106 9 79 34 17 87 102 104 0
0 33 48 38 118 103 56 126 59 64 129 30 100 26 96 21 91 134 108 2 72 46 116 0
5670.490448279668
---> edu.hust.soict.cbls.algorithm.cbls.LocalSearch Runtime: 49664
0 7 77 61 18 88 52 131 59 122 129 26 96 27 97 0
0 19 89 70 140 45 21 91 115 69 17 87 139 9 79 28 98 34 11 81 104 0
0 33 22 92 15 85 41 103 50 47 117 42 30 100 112 24 94 46 2 72 120 116 111 0
0 37 39 10 80 51 107 54 8 78 121 29 99 55 62 58 125 40 128 124 132 109 110 0
0 35 38 65 105 12 82 3 73 56 126 64 5 75 108 134 135 0
0 4 74 68 67 43 57 63 137 133 127 44 13 83 53 113 138 14 84 114 123 0
0 60 32 48 1 71 118 130 31 49 101 20 90 25 95 66 136 36 106 119 6 76 23 93 102 16 86 0
5987.262529352922
---> edu.hust.soict.cbls.algorithm.cbls.Greedy Runtime: 85
0 33 32 20 90 39 45 49 21 91 115 41 103 28 98 36 119 40 106 6 76 102 109 16 86 11 81 22 92 111 110 0
0 37 66 136 13 83 12 82 58 107 128 9 79 0
0 63 23 93 57 2 72 8 78 133 127 47 42 117 26 96 112 14 84 17 87 0
0 1 71 34 56 54 126 59 64 129 62 50 5 75 134 120 4 74 104 132 124 67 3 73 137 0
0 7 77 69 52 55 44 122 125 24 94 139 51 29 99 121 114 0
0 19 89 25 95 15 85 27 97 68 46 43 116 70 35 48 118 113 105 138 31 140 101 0
0 60 61 18 88 38 10 80 108 30 100 65 131 53 130 123 135 0
6519.718107607461
---> edu.hust.soict.cbls.algorithm.cbls.Greedy Runtime: 87
0 33 37 4 74 36 103 50 58 44 64 54 8 78 134 107 106 40 6 76 128 124 16 86 120 15 85 114 110 0
0 32 61 1 71 14 84 13 83 131 49 27 97 119 23 93 102 0
0 19 89 48 118 17 87 68 43 66 136 29 99 18 88 113 138 31 101 0
0 34 26 96 52 12 82 56 126 59 122 129 5 75 46 104 67 116 137 0
0 10 80 63 70 3 73 133 55 47 125 42 117 30 100 112 140 0
0 60 45 35 22 92 41 65 115 53 105 21 91 130 123 38 25 95 108 24 94 135 111 0
0 39 7 77 69 20 90 62 28 98 11 81 2 72 132 109 139 57 51 9 79 127 121 0
6455.755885467768
---> edu.hust.soict.cbls.algorithm.cbls.Greedy Runtime: 88
0 32 20 90 39 61 1 71 49 131 21 91 25 95 66 136 36 119 106 9 79 2 72 102 109 16 86 15 85 0
0 63 43 133 47 117 42 24 94 13 83 112 113 27 97 0
0 48 118 17 87 68 22 92 70 29 99 14 84 18 88 138 140 0
0 10 80 37 7 77 30 100 52 58 44 122 107 128 46 116 114 0
0 33 19 89 34 56 54 126 59 64 129 26 96 62 50 103 134 40 11 81 124 104 132 67 120 137 110 0
0 38 69 55 41 125 5 75 6 76 4 74 23 93 139 57 51 108 28 98 8 78 127 121 111 0
0 3 73 35 60 45 105 31 101 65 115 53 130 123 12 82 135 0
6875.399193203731
---> edu.hust.soict.cbls.algorithm.cbls.Greedy Runtime: 83
0 37 1 71 26 96 52 58 50 44 122 54 107 24 94 128 124 46 120 116 114 0
0 19 89 17 87 68 23 93 22 92 29 99 61 18 88 131 138 31 101 0
0 63 133 55 47 5 75 125 8 78 42 117 112 27 97 0
0 35 69 105 41 12 82 36 139 57 51 40 106 13 83 127 121 111 110 0
0 60 10 80 70 43 3 73 28 98 65 30 100 53 130 113 140 123 135 0
0 33 7 77 38 20 90 34 56 126 59 64 129 62 103 134 108 11 81 9 79 2 72 104 132 67 137 0
0 32 39 48 118 45 21 91 115 49 25 95 66 136 4 74 119 6 76 102 109 16 86 15 85 14 84 0
6591.499223626421
---> edu.hust.soict.cbls.algorithm.cbls.Greedy Runtime: 82
0 54 5 75 11 81 124 68 46 43 116 66 136 35 113 138 105 27 97 0
0 7 77 53 52 123 65 24 94 122 30 100 41 135 111 0
0 32 39 45 18 88 21 91 115 49 17 87 119 4 74 102 109 15 85 0
0 61 20 90 1 71 25 95 63 70 3 73 133 47 42 117 26 96 131 112 31 140 101 0
0 37 10 80 36 29 99 55 58 44 125 107 106 6 76 128 9 79 28 98 114 0
0 33 19 89 22 92 34 56 126 59 64 129 8 78 62 50 103 134 40 2 72 104 132 67 23 93 16 86 120 137 110 0
0 60 48 38 118 69 130 12 82 108 51 57 139 13 83 14 84 127 121 0
6448.61327306902
---> edu.hust.soict.cbls.algorithm.cbls.Greedy Runtime: 89
0 33 7 77 14 84 34 56 126 59 64 129 30 100 62 50 103 134 40 6 76 104 132 67 23 93 120 137 110 0
0 19 89 54 12 82 124 68 16 86 66 136 26 96 138 31 101 0
0 32 39 48 118 45 20 90 115 49 25 95 119 2 72 4 74 102 109 3 73 11 81 0
0 60 61 1 71 17 87 43 22 92 28 98 15 85 41 65 131 53 113 21 91 130 123 135 111 0
0 37 18 88 52 58 44 122 8 78 107 5 75 128 46 9 79 116 114 0
0 35 13 83 105 69 38 24 94 36 139 57 51 106 108 29 99 127 121 0
0 10 80 63 70 133 55 47 125 42 117 112 140 27 97 0
6460.897881376167
---> edu.hust.soict.cbls.algorithm.cbls.Greedy Runtime: 77
0 19 89 25 95 15 85 27 97 68 46 43 116 70 35 48 20 90 118 113 105 138 31 140 101 0
0 37 4 74 66 136 13 83 12 82 58 107 128 9 79 0
0 63 24 94 57 2 72 133 127 47 42 117 26 96 112 17 87 0
0 7 77 69 1 71 52 55 44 122 125 5 75 139 51 29 99 121 114 0
0 22 92 34 56 54 126 59 64 129 8 78 62 50 134 40 6 76 124 104 132 67 23 93 120 137 110 0
0 33 32 39 45 49 21 91 115 41 14 84 103 28 98 36 119 106 102 109 16 86 11 81 3 73 111 0
0 60 61 18 88 38 10 80 108 30 100 65 131 53 130 123 135 0
6780.224079687193
---> edu.hust.soict.cbls.algorithm.cbls.Greedy Runtime: 84
0 68 57 40 54 24 94 124 43 70 35 127 30 100 105 113 138 140 110 0
0 19 89 48 118 69 31 101 17 87 63 4 74 139 2 72 28 98 15 85 133 11 81 0
0 10 80 37 34 66 136 107 56 126 13 83 27 97 104 67 137 0
0 33 60 61 20 90 45 1 71 21 91 41 65 115 131 53 130 123 38 25 95 3 73 103 108 135 111 0
0 32 39 29 99 49 55 62 50 125 5 75 36 119 106 6 76 46 102 109 132 22 92 120 116 0
0 7 77 12 82 51 64 134 44 47 42 117 26 96 112 121 114 0
0 18 88 52 14 84 58 59 122 129 8 78 9 79 23 93 128 16 86 0
6277.562311805009
---> edu.hust.soict.cbls.algorithm.cbls.Greedy Runtime: 91
0 60 7 77 41 65 55 26 96 53 130 123 38 24 94 125 108 135 111 0
0 48 45 20 90 115 118 32 49 25 95 119 2 72 102 16 86 22 92 11 81 0
0 63 4 74 57 133 127 50 47 42 117 13 83 112 12 82 120 0
0 33 39 69 21 91 62 54 8 78 103 5 75 36 6 76 132 109 124 139 51 40 106 9 79 15 85 121 110 0
0 1 71 27 97 68 46 43 116 70 66 136 35 61 18 88 113 105 131 138 31 140 101 0
0 19 89 34 52 14 84 56 126 59 122 129 30 100 17 87 104 67 23 93 137 0
0 37 10 80 3 73 64 134 29 99 58 44 107 128 28 98 114 0
6646.144340422403
---> edu.hust.soict.cbls.algorithm.cbls.Greedy Runtime: 74
0 22 92 54 12 82 124 68 43 70 61 113 131 138 31 140 101 0
0 7 77 14 84 50 11 81 63 120 66 136 26 96 53 123 65 133 135 0
0 60 20 90 48 1 71 118 45 18 88 21 91 115 69 130 17 87 139 9 79 0
0 33 35 10 80 36 51 57 40 106 103 29 99 47 42 117 13 83 112 105 127 121 110 0
0 32 39 49 27 97 15 85 41 62 64 134 28 98 119 46 23 93 102 109 132 116 111 0
0 19 89 34 30 100 52 55 56 126 59 122 129 125 24 94 104 67 3 73 137 0
0 37 38 25 95 108 8 78 58 44 5 75 107 6 76 128 2 72 4 74 16 86 114 0
6749.655446374419
