---> edu.hust.soict.cbls.algorithm.ga.GASolver Runtime: 24318
0 204 266 104 454 252 243 593 289 554 300 616 37 387 29 379 334 650 122 472 150 500 304 639 322 149 499 684 271 602 224 672 574 654 621 0
0 36 386 343 319 199 549 291 44 394 188 538 51 401 641 3 353 193 543 174 524 253 5 355 669 66 416 693 603 70 420 115 465 167 517 0
0 212 169 519 97 447 196 546 62 412 240 590 148 498 109 459 163 513 222 60 410 187 537 145 495 47 397 17 367 562 572 95 445 94 444 192 542 0
0 256 312 296 85 435 176 526 646 9 359 189 539 13 363 107 457 341 279 14 364 11 361 143 493 154 504 123 473 691 662 606 8 358 59 409 629 0
0 228 298 285 263 254 251 635 237 68 418 578 310 191 541 660 337 601 10 360 179 529 127 477 350 648 587 75 425 200 550 687 700 604 613 0
0 208 56 406 286 282 632 21 371 16 366 74 424 90 440 280 636 303 630 281 146 496 653 331 131 481 184 534 558 213 120 470 631 563 681 0
0 112 462 226 325 311 82 432 295 645 58 408 258 255 242 241 661 342 692 345 675 347 76 426 695 697 592 605 105 455 576 80 430 591 608 0
0 205 292 211 231 302 316 178 528 293 561 248 642 329 581 346 555 652 696 666 643 40 390 89 439 81 431 65 415 78 428 182 532 598 679 0
0 152 502 207 4 354 119 469 195 545 141 491 287 77 427 147 497 117 467 637 233 219 20 370 83 433 583 64 414 92 442 34 384 557 569 159 509 0
0 185 535 203 220 214 564 209 570 236 99 449 31 381 586 45 395 238 553 246 559 588 46 396 71 421 308 596 313 658 317 128 478 663 323 673 667 0
0 202 247 234 210 206 584 88 438 275 560 186 536 625 309 48 398 597 52 402 556 53 403 321 113 463 158 508 349 552 671 659 183 533 699 161 511 0
0 223 277 181 531 270 137 487 269 232 627 301 573 327 677 49 399 619 43 393 651 15 365 67 417 620 18 368 155 505 55 405 157 507 582 0
0 116 466 2 352 153 503 225 165 515 139 489 305 655 276 93 443 180 530 261 171 521 626 172 522 257 607 575 23 373 130 480 26 376 611 0
0 201 551 215 565 216 566 239 589 250 245 595 600 264 614 315 665 328 678 336 686 338 688 344 129 479 142 492 38 388 694 102 452 133 483 190 540 0
0 24 374 30 380 54 404 262 324 25 375 32 382 42 392 118 468 138 488 135 485 674 151 501 162 512 177 527 168 518 612 197 547 19 369 164 514 0
0 156 506 230 306 7 357 39 389 299 283 72 422 126 476 79 429 274 272 633 318 624 649 339 656 259 668 244 594 340 580 622 689 84 434 690 609 0
0 50 400 96 446 136 486 227 111 461 218 160 510 265 27 377 194 544 108 458 568 273 623 173 523 284 615 288 638 333 634 335 685 683 577 73 423 0
0 140 490 235 332 320 682 670 87 437 132 482 101 451 103 453 198 548 170 520 22 372 91 441 144 494 585 33 383 63 413 110 460 1 351 134 484 0
0 57 407 221 217 41 391 330 326 676 314 125 475 567 267 617 290 640 297 680 647 229 571 35 385 100 450 86 436 121 471 61 411 664 579 0
0 12 362 249 260 610 124 474 6 356 175 525 268 28 378 599 278 618 106 456 114 464 294 644 166 516 98 448 69 419 307 657 348 698 628 0
18917.86651899669
---> edu.hust.soict.cbls.algorithm.ga.GASolver Runtime: 19184
0 217 270 235 234 584 232 585 303 59 409 92 442 582 35 385 343 620 313 653 145 495 334 55 405 663 349 693 251 601 567 249 699 684 599 0
0 210 63 413 295 282 273 265 623 304 109 459 184 534 176 526 168 518 34 384 632 231 560 615 60 410 178 528 196 546 645 155 505 581 654 0
0 203 99 449 199 549 324 74 424 259 110 460 96 446 674 241 171 521 308 159 509 216 658 48 398 147 497 553 609 128 478 591 566 2 352 80 430 0
0 230 322 320 158 508 670 91 441 278 672 350 9 359 16 366 85 435 181 531 272 20 370 186 536 622 261 69 419 137 487 628 3 353 580 611 700 0
0 248 298 211 346 561 340 696 287 169 519 280 29 379 648 257 637 607 12 362 95 445 180 530 125 475 598 36 386 690 630 30 380 127 477 0
0 28 378 215 57 407 182 532 267 247 33 383 78 428 133 483 189 539 565 286 597 319 617 321 11 361 98 448 27 377 671 305 636 669 655 0
0 111 461 212 318 141 491 82 432 112 462 119 469 175 525 299 296 15 365 193 543 646 285 668 140 490 258 252 608 635 21 371 562 649 602 164 514 0
0 205 312 37 387 302 291 250 13 363 243 220 75 425 600 25 375 132 482 185 535 206 570 344 652 641 694 555 662 177 527 593 556 70 420 0
0 255 337 68 418 200 550 87 437 161 511 100 450 24 374 311 76 426 300 90 440 661 605 5 355 32 382 687 39 389 61 411 143 493 650 183 533 0
0 14 364 118 468 207 214 564 237 587 246 23 373 124 474 121 471 596 269 619 290 194 544 640 338 688 314 116 466 62 412 664 72 422 557 0
0 223 284 277 268 256 41 391 151 501 179 529 254 58 408 606 332 190 540 682 65 415 604 348 66 416 126 476 627 698 618 573 634 198 548 22 372 0
0 165 515 195 545 260 266 44 394 123 473 331 289 131 481 146 496 264 610 292 642 315 665 639 6 356 616 681 8 358 84 434 614 19 369 0
0 18 368 138 488 83 433 71 421 114 464 335 294 144 494 157 507 288 52 402 73 423 227 685 336 686 108 458 341 577 17 367 691 64 414 644 638 0
0 113 463 204 50 400 554 222 26 376 46 396 51 401 192 542 148 498 572 240 590 38 388 242 79 429 592 94 444 149 499 197 547 156 506 120 470 0
0 225 173 523 245 239 233 583 7 357 103 453 174 524 281 595 301 651 317 589 163 513 333 153 503 667 97 447 167 517 129 479 575 683 150 500 631 0
0 213 327 117 467 160 510 43 393 154 504 139 489 293 275 188 538 274 271 81 431 130 480 677 224 563 209 625 621 10 360 643 624 574 559 0
0 228 276 77 427 122 472 309 142 492 578 42 392 326 676 104 454 342 626 310 86 436 659 692 47 397 170 520 660 330 107 457 680 339 689 31 381 0
0 40 390 134 484 218 345 201 329 695 307 283 162 512 279 629 679 263 1 351 106 456 238 236 657 152 502 551 613 588 568 586 633 136 486 0
0 202 226 166 516 101 451 67 417 102 452 135 485 221 219 105 455 569 54 404 229 576 262 579 297 647 316 53 403 115 465 552 328 678 347 571 697 612 666 0
0 208 89 439 244 594 187 537 253 558 306 603 93 443 172 522 323 49 399 656 45 395 56 406 4 354 191 541 88 438 325 673 675 0
19383.46234335668
---> edu.hust.soict.cbls.algorithm.ga.GASolver Runtime: 26577
0 204 266 52 402 252 243 593 289 554 300 616 195 545 112 462 334 650 122 472 150 500 304 639 322 149 499 684 271 621 224 574 240 602 590 672 654 0
0 36 386 343 319 178 528 291 78 428 107 457 51 401 641 3 353 4 354 174 524 253 97 447 669 66 416 693 603 70 420 115 465 167 517 0
0 212 169 519 129 479 196 546 62 412 190 540 109 459 32 382 222 60 410 187 537 148 498 47 397 17 367 562 572 95 445 94 444 192 542 0
0 256 312 296 59 409 176 526 646 9 359 189 539 63 413 183 533 341 279 14 364 197 547 143 493 158 508 37 387 691 662 606 8 358 100 450 629 0
0 228 298 285 263 254 251 635 237 68 418 578 310 21 371 660 337 601 80 430 114 464 127 477 350 648 587 75 425 124 474 687 700 604 613 0
0 208 56 406 286 282 632 72 422 152 502 74 424 90 440 280 636 303 630 281 146 496 653 331 65 415 1 351 558 213 120 470 563 681 631 0
0 61 411 226 325 311 82 432 295 645 58 408 258 255 242 241 661 342 692 345 675 347 76 426 695 697 592 605 105 455 576 41 391 591 608 0
0 205 346 329 679 292 211 231 302 561 316 199 549 293 652 581 696 248 555 666 642 643 40 390 89 439 81 431 31 381 69 419 179 529 598 0
0 16 366 207 145 495 119 469 123 473 141 491 287 92 442 147 497 44 394 637 233 219 20 370 83 433 583 64 414 77 427 101 451 557 569 159 509 0
0 45 395 203 220 214 564 209 570 236 99 449 116 466 586 57 407 238 553 246 559 588 144 494 113 463 308 596 313 658 317 128 478 663 323 673 667 0
0 202 247 234 210 206 584 88 438 275 560 186 536 625 309 48 398 597 79 429 556 53 403 321 71 421 154 504 349 552 671 659 188 538 699 161 511 0
0 223 277 181 531 270 137 487 269 232 627 301 573 327 677 49 399 619 85 435 651 15 365 67 417 620 18 368 155 505 55 405 139 489 582 0
0 133 483 193 543 153 503 225 165 515 171 521 305 655 276 93 443 180 530 261 200 550 626 172 522 257 607 575 23 373 130 480 26 376 611 0
0 201 551 215 565 216 566 239 589 250 245 595 600 264 614 315 665 328 678 336 686 338 688 344 5 355 162 512 38 388 694 184 534 131 481 2 352 0
0 24 374 30 380 54 404 262 324 25 375 135 485 42 392 118 468 138 488 126 476 674 84 434 6 356 98 448 168 518 612 11 361 19 369 164 514 0
0 185 535 230 306 7 357 87 437 299 283 191 541 163 513 104 454 274 272 633 318 624 649 339 656 259 668 244 594 340 580 622 689 151 501 690 609 0
0 50 400 96 446 86 436 227 111 461 218 160 510 265 27 377 194 544 108 458 568 273 623 173 523 284 615 288 638 333 634 335 685 683 577 73 423 0
0 140 490 235 332 320 682 670 39 389 132 482 166 516 103 453 198 548 170 520 22 372 13 363 46 396 585 33 383 91 441 110 460 102 452 134 484 0
0 156 506 221 217 29 379 330 326 676 314 125 475 680 229 571 267 35 385 43 393 136 486 121 471 10 360 617 290 664 297 647 567 640 579 0
0 12 362 249 260 610 157 507 142 492 175 525 268 28 378 599 278 618 106 456 182 532 294 644 34 384 177 527 117 467 307 657 348 698 628 0
19177.073051653522
---> edu.hust.soict.cbls.algorithm.ga.GASolver Runtime: 19261
0 213 310 291 242 660 78 428 22 372 49 399 346 592 131 481 182 532 241 31 381 696 641 18 368 25 375 129 479 591 563 36 386 74 424 98 448 0
0 296 308 334 341 327 127 477 51 401 97 447 65 415 646 75 425 188 538 146 496 125 475 109 459 84 434 32 382 160 510 658 677 684 691 0
0 229 342 290 344 316 666 694 285 640 259 257 607 54 404 251 172 522 91 441 635 179 529 609 233 29 379 692 579 583 118 468 159 509 601 0
0 142 492 295 284 634 278 243 164 514 199 549 227 70 420 167 517 166 516 645 309 628 345 336 695 169 519 577 20 370 349 659 686 593 699 17 367 0
0 214 16 366 279 261 64 414 246 38 388 244 219 168 518 569 301 564 12 362 307 156 506 657 629 5 355 611 115 465 170 520 596 594 651 11 361 0
0 223 311 183 533 195 545 268 27 377 93 443 618 343 661 13 363 224 693 283 90 440 192 542 152 502 574 217 573 83 433 19 369 633 567 0
0 9 359 85 435 148 498 333 151 501 332 116 466 256 682 683 59 409 113 463 143 493 63 413 149 499 606 2 352 95 445 61 411 161 511 145 495 0
0 208 209 298 281 225 320 306 137 487 287 559 338 656 40 390 105 455 631 254 194 544 558 648 604 575 670 110 460 155 505 174 524 637 688 0
0 202 315 153 503 312 299 122 472 274 107 457 222 572 216 566 321 187 537 328 103 453 157 507 624 340 4 354 665 552 662 42 392 671 690 678 649 0
0 35 385 258 114 464 286 272 636 348 87 437 622 10 360 698 276 198 548 626 302 608 324 652 204 329 554 674 46 396 39 389 679 0
0 215 175 525 297 7 357 44 394 102 452 106 456 565 45 395 69 419 104 454 94 444 189 539 79 429 86 436 135 485 68 418 147 497 647 3 353 0
0 1 351 123 473 162 512 150 500 203 300 247 66 416 120 470 126 476 176 526 230 6 356 101 451 28 378 650 553 165 515 597 111 461 580 56 406 0
0 262 237 226 21 371 140 490 587 221 139 489 576 263 571 288 613 289 30 380 47 397 190 540 294 612 314 191 541 639 317 638 330 644 667 680 664 0
0 220 186 536 570 234 154 504 584 235 585 144 494 184 534 238 588 239 589 245 595 305 82 432 121 471 196 546 655 335 685 81 431 347 697 133 483 0
0 207 267 171 521 240 34 384 210 617 73 423 275 557 77 427 625 60 410 108 458 270 620 304 560 132 482 136 486 590 15 365 654 0
0 205 277 265 26 376 96 446 138 488 260 250 218 610 568 293 643 600 313 206 556 100 450 319 48 398 669 322 615 8 358 663 76 426 627 89 439 555 672 0
0 43 393 211 236 57 407 212 562 71 421 141 491 248 598 119 469 273 200 550 586 280 23 373 623 325 630 99 449 675 134 484 561 177 527 14 364 0
0 231 228 249 318 62 412 80 430 158 508 350 578 700 37 387 185 535 599 331 232 668 582 581 41 391 128 478 55 405 681 92 442 0
0 163 513 180 530 88 438 67 417 53 403 282 255 24 374 52 402 58 408 181 531 253 632 323 72 422 673 326 605 112 462 130 480 339 117 467 603 676 689 0
0 201 264 551 33 383 50 400 269 193 543 614 124 474 197 547 303 619 337 178 528 687 266 653 292 173 523 616 252 642 271 621 602 0
19250.128330180552
---> edu.hust.soict.cbls.algorithm.ga.GASolver Runtime: 20024
0 226 282 263 79 429 78 428 232 1 351 613 292 582 632 302 652 125 475 134 484 331 67 417 681 343 322 642 102 452 672 576 152 502 99 449 693 0
0 219 329 22 372 315 164 514 306 679 45 395 84 434 335 126 476 193 543 665 246 228 596 578 73 423 656 131 481 685 174 524 192 542 198 548 569 0
0 35 385 206 96 446 122 472 23 373 13 363 200 550 194 544 233 218 568 20 370 188 538 301 583 651 107 457 158 508 556 189 539 70 420 37 387 0
0 236 113 463 247 240 586 65 415 124 474 255 597 143 493 197 547 295 337 326 590 119 469 328 9 359 149 499 41 391 678 676 605 170 520 687 645 0
0 25 375 160 510 68 418 140 490 204 289 275 213 71 421 114 464 563 4 354 182 532 319 116 466 625 347 639 156 506 191 541 554 697 74 424 669 0
0 83 433 38 388 186 536 202 16 366 212 31 381 72 422 154 504 139 489 133 483 166 516 253 46 396 603 130 480 562 118 468 185 535 39 389 552 129 479 0
0 211 342 305 304 280 630 274 654 256 606 5 355 137 487 224 215 85 435 128 478 565 692 624 574 14 364 127 477 157 507 655 561 0
0 269 349 171 521 146 496 348 61 411 111 461 80 430 77 427 180 530 58 408 699 150 500 181 531 314 698 296 664 646 12 362 147 497 97 447 619 0
0 26 376 203 340 120 470 324 109 459 244 243 208 593 30 380 57 407 104 454 162 512 690 553 89 439 199 549 594 15 365 87 437 558 674 0
0 207 105 455 145 495 291 250 557 641 276 600 36 386 55 405 98 448 293 626 8 358 27 377 101 451 169 519 168 518 310 660 187 537 344 643 694 0
0 214 341 290 196 546 277 239 220 62 412 640 266 691 201 589 273 564 179 529 49 399 551 278 628 259 333 570 623 683 616 627 609 0
0 230 320 300 148 498 294 265 18 368 615 345 650 19 369 121 471 695 242 40 390 178 528 235 670 592 76 426 644 580 585 44 394 52 402 0
0 223 286 267 24 374 155 505 91 441 123 473 260 144 494 617 229 610 350 700 317 2 352 66 416 21 371 579 636 573 667 136 486 0
0 82 432 151 501 221 571 153 503 225 29 379 575 227 577 234 584 245 595 184 534 272 622 54 404 307 100 450 657 330 680 334 684 177 527 95 445 81 431 0
0 231 279 271 238 141 491 621 281 581 6 356 11 361 303 629 309 93 443 132 482 110 460 653 311 631 316 661 183 533 666 64 414 321 588 671 659 0
0 205 237 338 248 106 456 190 540 283 47 397 92 442 688 262 612 142 492 252 602 598 633 34 384 209 63 413 69 419 559 587 555 0
0 28 378 115 465 33 383 261 297 75 425 285 635 175 525 312 647 327 138 488 677 339 611 662 117 467 346 689 51 401 161 511 696 0
0 241 10 360 332 325 7 357 176 526 323 135 485 318 675 313 673 308 288 258 608 336 591 163 513 663 173 523 668 682 658 686 638 17 367 195 545 88 438 0
0 53 403 60 410 264 257 217 567 216 56 406 270 32 382 42 392 43 393 59 409 607 210 620 103 453 172 522 560 566 614 112 462 0
0 222 249 599 251 601 254 604 268 50 400 572 284 634 287 48 398 165 515 3 353 637 298 618 299 167 517 649 648 86 436 94 444 159 509 90 440 108 458 0
18894.68451808218
---> edu.hust.soict.cbls.algorithm.ga.GASolver Runtime: 21081
0 212 317 228 215 667 562 332 27 377 142 492 578 9 359 190 540 189 539 565 26 376 83 433 682 20 370 35 385 92 442 82 432 47 397 199 549 0
0 206 274 10 360 182 532 264 263 40 390 227 112 462 130 480 196 546 218 568 179 529 613 12 362 614 309 624 210 560 350 556 8 358 700 22 372 659 577 0
0 88 438 171 521 157 507 3 353 207 30 380 49 399 331 277 257 188 538 237 61 411 557 587 24 374 193 543 627 607 681 101 451 145 495 0
0 111 461 13 363 131 481 55 405 144 494 105 455 173 523 282 268 135 485 70 420 259 32 382 124 474 618 253 609 321 98 448 125 475 603 328 632 678 671 0
0 221 323 296 291 252 251 601 68 418 165 515 326 195 545 646 330 602 641 676 175 525 239 589 680 180 530 673 118 468 571 132 482 148 498 0
0 202 107 457 168 518 245 155 505 129 479 222 572 217 595 123 473 250 600 283 134 484 633 293 1 351 7 357 102 452 552 567 643 50 400 0
0 38 388 214 6 356 324 322 319 311 301 249 674 18 368 138 488 162 512 599 333 31 381 220 56 406 661 570 651 564 672 160 510 683 669 0
0 209 230 325 342 314 25 375 139 489 104 454 174 524 94 444 169 519 580 269 74 424 127 477 675 619 69 419 122 472 231 581 559 692 664 0
0 42 392 53 403 86 436 60 410 75 425 266 285 337 305 232 87 437 154 504 161 511 655 329 635 273 623 616 115 465 191 541 687 582 679 0
0 255 57 407 265 615 176 526 281 97 447 150 500 279 65 415 629 183 533 136 486 605 302 16 366 631 51 401 177 527 313 652 335 685 346 696 663 0
0 219 300 204 554 349 146 496 126 476 89 439 344 158 508 284 108 458 699 276 242 626 327 650 224 109 459 634 677 694 592 574 14 364 569 0
0 211 310 286 275 254 625 159 509 187 537 241 591 120 470 336 604 226 172 522 348 660 247 561 597 576 686 137 487 698 167 517 636 0
0 216 318 316 278 668 334 666 21 371 44 394 58 408 628 4 354 79 429 270 54 404 103 453 194 544 260 684 620 116 466 610 246 566 596 0
0 225 575 48 398 119 469 234 584 271 46 396 45 395 185 535 267 617 621 280 630 28 378 197 547 200 550 298 76 426 648 304 654 315 665 340 690 341 691 0
0 287 84 434 345 695 15 365 23 373 66 416 37 387 192 542 186 536 181 531 90 440 147 497 128 478 308 307 658 637 657 99 449 0
0 72 422 244 243 233 149 499 223 100 450 295 593 93 443 262 33 383 81 431 141 491 91 441 166 516 612 320 645 670 289 583 151 501 594 573 639 152 502 0
0 133 483 153 503 213 178 528 297 43 393 121 471 294 644 29 379 299 647 248 114 464 36 386 649 17 367 95 445 598 563 39 389 0
0 73 423 62 412 143 493 203 290 292 347 261 236 697 586 34 384 163 513 170 520 642 235 208 205 52 402 585 553 611 558 555 640 0
0 201 164 514 303 272 256 653 63 413 2 352 312 80 430 41 391 606 338 662 71 421 238 622 78 428 229 551 688 96 446 198 548 588 579 64 414 140 490 0
0 156 506 5 355 240 110 460 113 463 258 590 608 288 67 417 638 184 534 306 656 85 435 106 456 339 19 369 77 427 59 409 11 361 343 117 467 693 689 0
18756.550518570413
---> edu.hust.soict.cbls.algorithm.ga.GASolver Runtime: 24987
0 204 266 104 454 252 243 593 289 554 300 616 37 387 112 462 334 650 122 472 150 500 304 639 322 149 499 684 271 621 672 602 654 0
0 33 383 343 319 297 199 549 291 103 453 183 533 51 401 641 3 353 17 367 174 524 253 647 97 447 669 66 416 693 603 70 420 115 465 167 517 0
0 212 169 519 129 479 196 546 62 412 240 590 98 448 109 459 163 513 222 60 410 187 537 2 352 47 397 105 455 562 572 95 445 94 444 192 542 0
0 256 329 312 296 85 435 176 526 646 9 359 189 539 91 441 107 457 341 279 14 364 65 415 152 502 36 386 195 545 691 662 606 8 358 59 409 679 629 0
0 228 298 285 263 254 251 635 237 54 404 578 310 28 378 660 337 601 10 360 114 464 127 477 350 648 587 75 425 124 474 687 700 604 613 0
0 208 56 406 286 282 632 72 422 143 493 22 372 90 440 280 636 303 630 281 146 496 653 331 31 381 184 534 558 120 470 631 681 0
0 29 379 226 325 311 82 432 295 645 58 408 258 255 242 241 661 342 692 345 675 347 46 396 695 697 592 605 193 543 576 41 391 591 608 0
0 205 292 211 231 302 316 178 528 561 293 652 248 555 642 666 581 643 40 390 89 439 81 431 197 547 69 419 182 532 598 0
0 16 366 207 5 355 119 469 123 473 141 491 287 92 442 147 497 52 402 637 233 219 20 370 83 433 583 64 414 77 427 101 451 557 569 159 509 0
0 185 535 203 220 214 564 209 570 236 99 449 125 475 586 45 395 238 553 246 559 588 290 12 362 4 354 640 308 596 313 658 317 128 478 663 323 673 667 0
0 202 247 234 224 210 206 584 133 483 275 560 186 536 625 309 48 398 597 79 429 556 53 403 321 34 384 158 508 574 349 552 671 659 84 434 699 161 511 0
0 223 277 181 531 270 137 487 269 232 627 301 573 327 677 49 399 619 43 393 651 15 365 67 417 620 18 368 155 505 55 405 157 507 582 0
0 88 438 145 495 153 503 225 165 515 171 521 305 655 276 93 443 175 525 261 1 351 626 172 522 257 607 575 23 373 130 480 26 376 611 0
0 201 551 215 565 216 566 239 589 250 245 595 600 264 614 315 665 328 678 336 686 338 688 344 71 421 6 356 86 436 694 200 550 116 466 148 498 0
0 24 374 30 380 68 418 262 324 25 375 126 476 42 392 118 468 188 538 32 382 674 151 501 162 512 177 527 168 518 612 11 361 19 369 164 514 0
0 57 407 230 306 7 357 87 437 299 283 198 548 108 458 117 467 274 272 633 318 624 649 339 656 259 668 244 594 340 580 622 689 138 488 690 609 0
0 213 50 400 96 446 191 541 227 111 461 218 563 160 510 265 27 377 194 544 135 485 568 273 623 173 523 284 615 288 638 333 634 335 685 683 577 73 423 0
0 140 490 235 346 332 320 682 670 39 389 132 482 144 494 44 394 136 486 170 520 696 74 424 13 363 166 516 585 154 504 63 413 110 460 102 452 134 484 0
0 156 506 221 217 80 430 330 326 676 314 131 481 567 267 680 229 571 35 385 100 450 21 371 121 471 61 411 617 664 579 0
0 76 426 249 260 610 139 489 142 492 180 530 268 38 388 599 278 618 106 456 179 529 294 644 113 463 190 540 78 428 307 657 348 698 628 0
19475.053968059918
---> edu.hust.soict.cbls.algorithm.ga.GASolver Runtime: 19735
0 228 62 412 147 497 138 488 41 391 14 364 244 262 594 95 445 172 522 111 461 158 508 109 459 278 612 578 628 184 534 157 507 61 411 127 477 0
0 219 334 332 86 436 330 298 295 648 283 1 351 170 520 684 242 645 226 28 378 680 161 511 238 588 285 633 569 682 635 576 592 0
0 156 506 199 549 202 323 307 299 657 289 639 4 354 280 237 197 547 234 630 326 80 430 676 552 49 399 200 550 673 584 649 587 0
0 231 291 66 416 252 241 602 305 591 74 424 345 641 251 655 217 567 581 43 393 601 695 37 387 46 396 56 406 169 519 100 450 0
0 260 314 311 26 376 55 405 270 42 392 268 664 346 114 464 661 347 697 610 620 22 372 38 388 8 358 88 438 115 465 696 13 363 129 479 618 0
0 120 470 57 407 150 500 294 329 75 425 110 460 134 484 327 677 336 686 342 189 539 679 303 692 302 194 544 653 644 167 517 652 0
0 249 317 293 21 371 281 274 50 400 76 426 667 101 451 624 15 365 140 490 148 498 79 429 176 526 162 512 253 643 137 487 631 603 599 0
0 222 320 315 309 5 355 72 422 32 382 297 659 647 9 359 263 2 352 93 443 250 230 670 36 386 44 394 173 523 613 141 491 600 572 580 665 0
0 213 103 453 341 310 258 182 532 247 691 243 54 404 67 417 660 608 593 7 357 33 383 19 369 185 535 224 597 70 420 97 447 563 155 505 574 0
0 208 68 418 98 448 209 558 118 468 255 559 273 145 495 187 537 605 59 409 188 538 290 128 478 623 69 419 328 640 678 6 356 159 509 0
0 203 89 439 73 423 301 126 476 104 454 178 528 136 486 276 626 267 256 617 30 380 186 536 308 12 362 198 548 122 472 553 318 658 321 671 668 651 606 0
0 190 540 193 543 218 102 452 113 463 146 496 338 322 24 374 130 480 254 568 16 366 174 524 139 489 51 401 71 421 163 513 105 455 179 529 672 604 688 0
0 207 286 261 125 475 216 611 292 112 462 211 45 395 566 296 646 642 99 449 160 510 106 456 91 441 306 557 331 636 339 656 689 561 681 60 410 0
0 201 551 225 575 90 440 245 595 246 596 34 384 279 87 437 629 316 39 389 142 492 666 343 693 277 627 210 560 269 619 344 694 0
0 171 521 275 181 531 333 133 483 287 48 398 191 541 108 458 131 481 119 469 144 494 135 485 637 340 690 81 431 350 683 349 699 625 23 373 123 473 700 0
0 223 284 325 96 446 288 240 634 638 590 58 408 151 501 180 530 192 542 132 482 149 499 82 432 92 442 573 47 397 117 467 675 0
0 206 143 493 27 377 152 502 195 545 229 556 85 435 248 52 402 78 428 598 17 367 166 516 312 579 11 361 164 514 25 375 319 83 433 669 64 414 662 0
0 10 360 65 415 40 390 212 300 282 272 124 474 116 466 271 265 632 257 235 622 215 615 304 621 562 650 585 154 504 607 565 654 0
0 205 239 236 221 571 259 589 264 165 515 586 177 527 3 353 324 674 335 77 427 175 525 183 533 84 434 609 337 687 685 121 471 614 555 31 381 196 546 0
0 204 94 444 214 53 403 153 503 564 168 518 220 20 370 570 227 577 232 29 379 554 233 582 266 616 313 663 35 385 63 413 107 457 348 18 368 583 698 0
19283.193181152525
---> edu.hust.soict.cbls.algorithm.ga.GASolver Runtime: 25275
0 204 266 87 437 252 243 593 289 554 300 616 37 387 112 462 334 650 122 472 150 500 304 639 322 3 353 672 271 684 602 621 654 0
0 36 386 343 319 297 199 549 291 43 393 183 533 51 401 641 149 499 193 543 174 524 253 647 191 541 669 66 416 693 603 70 420 19 369 129 479 0
0 212 169 519 11 361 124 474 62 412 240 590 190 540 109 459 20 370 222 60 410 187 537 2 352 47 397 17 367 562 572 95 445 94 444 1 351 0
0 256 312 296 91 441 176 526 646 9 359 189 539 120 470 107 457 341 279 14 364 197 547 143 493 154 504 195 545 691 662 606 8 358 22 372 629 0
0 228 298 285 263 254 251 635 237 68 418 578 310 42 392 660 337 601 10 360 114 464 127 477 350 648 587 75 425 41 391 687 700 604 613 0
0 208 56 406 286 282 632 72 422 52 402 74 424 90 440 280 636 303 630 281 146 496 653 331 98 448 184 534 558 85 435 631 681 0
0 29 379 226 325 311 82 432 295 645 58 408 258 255 242 241 661 342 692 345 675 347 76 426 695 697 592 605 105 455 576 131 481 591 608 0
0 205 329 292 642 211 231 302 316 178 528 581 293 561 248 555 666 652 679 643 40 390 89 439 81 431 65 415 69 419 182 532 598 0
0 16 366 207 137 487 119 469 123 473 141 491 287 92 442 147 497 117 467 637 233 219 134 484 83 433 583 64 414 77 427 101 451 557 569 159 509 0
0 185 535 203 220 214 564 209 570 236 99 449 196 546 586 45 395 238 553 246 559 588 46 396 71 421 308 596 313 658 317 128 478 663 323 673 667 0
0 202 247 234 224 210 206 584 88 438 275 560 186 536 625 309 5 355 597 79 429 556 53 403 321 113 463 158 508 574 349 552 671 659 188 538 699 161 511 0
0 223 277 181 531 270 4 354 269 232 627 301 573 327 677 49 399 619 44 394 651 15 365 67 417 620 106 456 155 505 55 405 157 507 582 0
0 133 483 28 378 153 503 225 165 515 57 407 305 655 276 93 443 180 530 261 200 550 626 172 522 257 607 575 32 382 130 480 26 376 611 0
0 201 551 215 565 216 566 239 589 250 245 595 600 264 614 315 665 328 678 336 686 338 688 344 135 485 63 413 38 388 694 192 542 116 466 126 476 0
0 24 374 30 380 54 404 262 324 25 375 148 498 97 447 118 468 138 488 48 398 674 151 501 162 512 177 527 168 518 612 167 517 115 465 164 514 0
0 18 368 230 306 7 357 104 454 299 283 21 371 23 373 152 502 274 272 633 318 624 649 339 656 259 668 244 594 340 580 622 689 84 434 690 609 0
0 213 50 400 96 446 86 436 227 111 461 218 563 160 510 265 27 377 194 544 31 381 568 273 623 173 523 284 615 288 638 333 634 335 685 683 577 73 423 0
0 140 490 235 346 332 320 682 670 39 389 132 482 166 516 103 453 198 548 170 520 696 59 409 13 363 144 494 585 33 383 6 356 110 460 102 452 34 384 0
0 156 506 221 217 80 430 330 326 676 314 125 475 567 267 680 290 640 617 229 571 35 385 100 450 136 486 121 471 61 411 664 579 0
0 12 362 249 260 610 139 489 142 492 175 525 268 145 495 599 278 618 171 521 179 529 294 644 163 513 108 458 78 428 307 657 348 698 628 0
19459.93684555279
---> edu.hust.soict.cbls.algorithm.ga.GASolver Runtime: 19868
0 16 366 64 414 148 498 211 282 272 253 120 470 603 158 508 300 191 541 622 632 240 561 97 447 131 481 167 517 303 1 351 650 653 590 0
0 201 331 36 386 187 537 312 27 377 194 544 297 286 647 256 662 636 606 681 239 589 210 560 551 26 376 157 507 113 463 109 459 198 548 179 529 0
0 218 89 439 348 342 323 322 319 692 673 18 368 112 462 275 246 86 436 672 625 185 535 143 493 669 2 352 100 450 698 54 404 596 568 0
0 245 296 189 539 293 84 434 292 646 94 444 302 13 363 652 347 697 231 595 344 106 456 50 400 56 406 138 488 581 266 616 642 694 643 0
0 243 350 337 317 42 392 667 700 174 524 61 411 78 428 177 527 687 182 532 184 534 295 140 490 274 103 453 624 249 599 40 390 593 156 506 645 0
0 25 375 242 258 95 445 608 325 592 73 423 141 491 75 425 336 8 358 24 374 192 542 102 452 114 464 200 550 675 121 471 108 458 139 489 686 0
0 221 349 346 321 298 265 671 290 146 496 648 615 69 419 699 80 430 259 22 372 222 609 640 696 7 357 115 465 37 387 572 571 46 396 0
0 202 226 220 330 45 395 4 354 150 500 111 461 171 521 277 271 680 252 627 223 602 76 426 570 219 576 573 118 468 621 569 552 41 391 0
0 262 314 306 133 483 165 515 305 285 655 281 279 278 195 545 635 31 381 173 523 17 367 326 629 190 540 267 9 359 664 628 676 631 656 612 617 0
0 205 206 555 181 531 193 543 224 186 536 574 60 410 233 83 433 556 149 499 260 610 270 583 142 492 343 291 693 213 641 620 329 563 679 0
0 238 236 345 301 49 399 130 480 695 52 402 273 62 412 105 455 19 369 269 88 438 588 339 651 59 409 175 525 623 619 129 479 586 689 0
0 214 341 328 188 538 287 276 637 678 91 441 170 520 14 364 135 485 227 215 565 151 501 564 147 497 691 67 417 116 466 577 70 420 626 0
0 81 431 159 509 58 408 208 11 361 289 228 639 5 355 578 90 440 212 209 57 407 164 514 82 432 161 511 558 117 467 562 39 389 122 472 559 0
0 232 582 294 77 427 644 98 448 299 32 382 104 454 96 446 93 443 649 309 659 21 371 313 663 324 674 6 356 87 437 79 429 38 388 71 421 0
0 132 482 217 72 422 234 229 584 137 487 225 567 248 579 308 12 362 183 533 658 340 280 630 575 598 690 29 379 110 460 99 449 0
0 203 44 394 180 530 55 405 255 10 360 254 244 85 435 237 216 587 257 553 251 604 327 607 605 334 566 35 385 601 684 677 594 0
0 124 474 3 353 127 477 307 264 614 119 469 310 23 373 657 247 48 398 51 401 134 484 68 418 107 457 597 65 415 144 494 168 518 335 660 685 0
0 176 526 196 546 125 475 169 519 230 136 486 304 288 654 241 591 53 403 155 505 33 383 63 413 15 365 66 416 47 397 145 495 580 638 128 478 0
0 207 261 250 199 549 160 510 235 585 268 600 316 618 318 172 522 557 30 380 154 504 163 513 320 92 442 670 332 611 74 424 152 502 682 43 393 666 668 0
0 204 263 153 503 162 512 554 101 451 166 516 283 613 284 633 311 634 178 528 28 378 126 476 197 547 315 665 333 661 20 370 338 688 34 384 683 123 473 0
18735.043747071773
---> edu.hust.soict.cbls.algorithm.cbls.LocalSearch Runtime: 326287
0 213 6 356 563 76 426 268 241 264 209 591 618 256 117 467 1 351 118 468 211 64 414 57 407 561 27 377 606 134 484 614 559 124 474 0
0 316 666 279 248 210 327 629 52 402 17 367 87 437 197 547 116 466 219 560 350 114 464 598 150 500 700 677 569 0
0 196 546 199 549 108 458 249 273 98 448 238 324 599 623 105 455 153 503 60 410 588 71 421 79 429 161 511 674 0
0 75 425 45 395 47 397 257 607 258 328 608 254 169 519 678 338 325 175 525 109 459 119 469 170 520 675 195 545 306 288 604 244 656 265 132 482 183 533 594 688 93 443 638 615 0
0 164 514 73 423 269 296 220 83 433 619 65 415 54 404 19 369 33 383 234 309 205 233 659 101 451 7 357 329 77 427 646 85 435 584 679 555 583 331 111 461 681 570 0
0 274 229 24 374 127 477 48 398 125 475 344 46 396 694 579 188 538 624 340 227 82 432 217 131 481 151 501 567 577 313 690 267 663 617 0
0 224 315 212 95 445 145 495 221 21 371 154 504 113 463 31 381 179 529 4 354 287 574 156 506 252 96 446 348 637 301 602 342 330 571 665 562 341 242 698 691 651 592 680 16 366 692 198 548 0
0 222 15 365 182 532 321 247 572 228 578 289 335 308 349 200 550 277 5 355 699 204 597 305 123 473 658 122 472 225 685 575 115 465 554 68 418 639 190 540 121 471 671 655 627 0
0 237 53 403 29 379 44 394 226 576 334 142 492 166 516 346 246 336 167 517 206 218 8 358 556 686 339 684 568 260 696 596 610 99 449 147 497 587 689 136 486 0
0 290 59 409 297 640 299 28 378 107 457 143 493 177 527 649 320 239 647 332 144 494 589 193 543 72 422 148 498 189 539 682 139 489 670 35 385 0
0 262 12 362 174 524 612 155 505 80 430 133 483 280 168 518 253 630 215 312 291 603 565 160 510 641 50 400 120 470 662 0
0 201 165 515 251 231 551 304 130 480 171 521 232 173 523 601 69 419 70 420 214 2 352 245 192 542 654 310 74 424 581 564 582 660 184 534 3 353 595 0
0 337 286 284 100 450 163 513 63 413 317 36 386 67 417 283 667 84 434 343 23 373 693 263 636 275 634 202 687 295 91 441 58 408 39 389 613 645 552 43 393 633 625 0
0 185 535 216 56 406 11 361 41 391 162 512 90 440 566 300 89 439 650 236 140 490 586 266 616 88 438 128 478 0
0 314 255 347 181 531 102 452 152 502 112 462 94 444 664 311 20 370 272 622 697 30 380 61 411 661 97 447 37 387 281 631 137 487 605 0
0 103 453 259 146 496 18 368 609 318 261 307 250 230 106 456 294 81 431 668 611 644 600 178 528 158 508 40 390 657 580 0
0 66 416 194 544 149 499 55 405 243 326 271 676 51 401 208 558 621 62 412 593 191 541 0
0 303 322 278 345 302 187 537 282 86 436 157 507 22 372 632 9 359 672 319 652 628 653 695 669 10 360 92 442 141 491 0
0 78 428 135 485 32 382 276 138 488 270 235 223 34 384 585 626 293 176 526 186 536 240 14 364 126 476 573 620 207 38 388 298 590 557 110 460 643 648 129 479 0
0 292 104 454 285 635 203 49 399 642 553 323 333 172 522 42 392 13 363 180 530 26 376 25 375 159 509 673 683 0
10289.453030193139
---> edu.hust.soict.cbls.algorithm.cbls.LocalSearch Runtime: 425603
0 271 314 318 175 525 189 539 131 481 27 377 173 523 130 480 225 79 429 31 381 668 575 71 421 168 518 8 358 306 664 656 621 111 461 0
0 315 229 110 460 287 185 535 579 93 443 301 637 222 330 665 321 309 651 295 572 105 455 135 485 64 414 680 659 645 16 366 66 416 5 355 55 405 671 0
0 137 487 296 96 446 348 341 242 233 698 691 205 234 247 592 293 90 440 646 597 555 583 181 531 584 62 412 262 643 24 374 70 420 612 40 390 0
0 290 59 409 640 299 187 537 238 320 239 349 69 419 9 359 649 23 373 699 332 215 588 240 144 494 589 590 565 142 492 61 411 682 139 489 670 0
0 158 508 133 483 254 334 604 81 431 84 434 177 527 211 304 193 543 2 352 561 214 167 517 245 308 684 310 219 654 564 660 89 439 595 569 658 160 510 35 385 0
0 327 322 302 99 449 143 493 672 151 501 197 547 53 403 253 178 528 78 428 72 422 677 652 307 603 6 356 657 0
0 286 46 396 284 77 427 119 469 132 482 232 283 277 263 636 634 324 202 282 114 464 632 613 98 448 3 353 582 552 43 393 633 627 674 0
0 100 450 147 497 326 340 227 241 51 401 208 298 244 258 577 265 558 676 255 690 591 594 154 504 199 549 157 507 170 520 68 418 281 194 544 648 631 156 506 605 116 466 608 190 540 615 0
0 337 221 128 478 15 365 294 212 250 246 48 398 125 475 19 369 33 383 83 433 14 364 134 484 165 515 644 596 273 687 600 623 562 571 0
0 188 538 279 196 546 285 629 28 378 153 503 113 463 115 465 249 635 17 367 228 599 578 49 399 65 415 54 404 152 502 191 541 0
0 237 274 52 402 235 243 587 345 278 124 474 220 570 266 63 413 1 351 118 468 585 335 74 424 685 291 695 224 616 641 267 628 122 472 593 574 617 252 624 602 0
0 201 163 513 129 479 217 171 521 226 305 576 338 551 57 407 311 207 567 288 661 313 26 376 73 423 184 534 557 331 663 681 42 392 103 453 108 458 138 488 638 655 688 0
0 292 45 395 106 456 39 389 264 347 325 169 519 675 148 498 336 697 206 30 380 642 556 686 192 542 60 410 7 357 145 495 614 0
0 344 179 529 136 486 694 149 499 343 693 32 382 41 391 159 509 180 530 95 445 109 459 172 522 4 354 0
0 303 186 536 155 505 88 438 259 127 477 38 388 257 607 609 653 209 256 319 195 545 606 58 408 669 183 533 559 121 471 0
0 117 467 146 496 223 11 361 270 276 34 384 162 512 261 230 102 452 317 36 386 620 573 86 436 204 667 626 611 198 548 554 56 406 580 0
0 104 454 268 76 426 13 363 251 280 618 21 371 346 67 417 601 20 370 323 126 476 630 696 91 441 92 442 82 432 673 140 490 0
0 50 400 297 269 25 375 94 444 231 174 524 22 372 619 107 457 101 451 312 333 218 647 339 275 568 260 300 581 610 236 650 683 586 164 514 689 120 470 662 625 0
0 12 362 248 75 425 210 80 430 203 560 289 350 200 550 166 516 598 272 622 553 150 500 700 87 437 182 532 47 397 123 473 10 360 176 526 639 0
0 342 216 18 368 566 316 692 666 112 462 85 435 213 329 29 379 44 394 679 328 97 447 37 387 678 161 511 141 491 563 0
9856.729618470868
---> edu.hust.soict.cbls.algorithm.cbls.LocalSearch Runtime: 319886
0 290 11 361 301 96 446 348 222 651 698 91 441 213 323 185 535 563 673 71 421 10 360 92 442 330 640 341 295 691 572 680 645 16 366 100 450 0
0 346 315 156 506 165 515 123 473 66 416 159 509 210 665 299 321 696 228 578 289 560 649 3 353 199 549 157 507 79 429 72 422 283 305 191 541 639 104 454 671 633 655 0
0 45 395 108 458 340 235 316 247 54 404 597 39 389 33 383 666 170 520 585 226 294 77 427 48 398 576 225 328 261 690 194 544 24 374 152 502 575 678 115 465 611 644 99 449 0
0 268 75 425 303 271 653 264 621 142 492 211 258 256 618 608 319 95 445 561 272 622 177 527 606 40 390 47 397 669 153 503 614 180 530 107 457 73 423 0
0 326 138 488 243 278 345 282 205 5 355 632 70 420 38 388 695 208 106 456 244 558 676 555 594 307 154 504 628 128 478 657 593 190 540 0
0 15 365 192 542 187 537 347 325 675 21 371 697 8 358 37 387 80 430 260 610 0
0 314 254 329 306 664 312 119 469 230 604 656 679 209 221 287 62 412 662 637 41 391 36 386 1 351 136 486 559 571 52 402 580 0
0 131 481 26 376 302 203 233 219 238 320 239 308 127 477 553 109 459 332 14 364 588 589 207 652 55 405 118 468 183 533 658 583 557 682 6 356 569 670 0
0 337 284 163 513 171 521 68 418 25 375 94 444 61 411 184 534 212 250 132 482 246 317 102 452 144 494 232 667 596 687 634 600 89 439 562 582 140 490 0
0 44 394 29 379 276 270 168 518 200 550 86 436 626 101 451 240 23 373 620 298 590 148 498 125 475 648 0
0 63 413 65 415 112 462 214 151 501 245 49 399 293 259 202 32 382 82 432 564 552 56 406 595 643 609 46 396 0
0 269 188 538 13 363 251 113 463 334 181 531 304 195 545 619 90 440 186 536 333 218 601 263 684 275 654 105 455 310 568 300 613 236 660 650 683 586 625 0
0 292 327 335 198 548 257 685 607 318 175 525 189 539 231 668 117 467 677 84 434 126 476 336 67 417 20 370 206 22 372 642 556 686 581 58 408 31 381 64 414 147 497 0
0 281 286 631 344 694 342 83 433 28 378 197 547 692 60 410 150 500 343 693 636 178 528 158 508 172 522 0
0 137 487 279 50 400 223 297 285 635 629 17 367 350 98 448 647 114 464 87 437 573 30 380 700 9 359 85 435 179 529 4 354 0
0 196 546 322 249 234 309 273 324 599 242 623 659 592 146 496 143 493 133 483 204 169 519 162 512 672 584 97 447 145 495 554 19 369 674 0
0 280 51 401 349 74 424 88 438 7 357 699 253 630 215 182 532 121 471 34 384 103 453 291 603 565 122 472 641 160 510 0
0 227 241 201 217 174 524 155 505 116 466 338 551 193 543 311 130 480 78 428 135 485 567 288 577 265 313 591 661 255 331 267 663 110 460 681 605 617 35 385 93 443 638 615 688 0
0 129 479 76 426 12 362 248 262 216 18 368 566 166 516 167 517 2 352 598 612 339 69 419 173 523 277 176 526 53 403 161 511 689 42 392 141 491 627 0
0 237 229 111 461 579 274 59 409 624 120 470 587 43 393 296 220 124 474 570 266 57 407 27 377 81 431 646 149 499 134 484 224 616 574 139 489 252 164 514 602 0
10195.056741214335
---> edu.hust.soict.cbls.algorithm.cbls.LocalSearch Runtime: 313062
0 180 530 30 380 291 346 77 427 696 259 107 457 33 383 281 641 271 631 609 264 280 621 256 323 630 606 105 455 40 390 118 468 673 614 0
0 156 506 276 235 223 342 322 692 101 451 197 547 269 54 404 127 477 585 68 418 327 626 69 419 204 677 20 370 573 22 372 672 338 79 429 619 115 465 554 108 458 688 0
0 270 124 474 201 251 231 106 456 620 195 545 226 551 576 305 8 358 333 601 339 277 581 178 528 47 397 154 504 683 78 428 146 496 689 655 627 0
0 316 345 302 205 74 424 666 58 408 695 117 467 213 329 555 319 652 328 679 171 521 23 373 272 622 182 532 110 460 82 432 678 669 191 541 563 0
0 165 515 211 334 230 21 371 561 246 126 476 218 343 596 98 448 693 684 320 275 568 260 176 526 610 89 439 198 548 147 497 580 121 471 73 423 625 670 104 454 0
0 137 487 296 285 249 635 341 599 242 691 234 592 170 520 646 584 181 531 172 522 13 363 61 411 25 375 1 351 120 470 0
0 314 318 174 524 166 516 119 469 254 298 81 431 31 381 668 19 369 131 481 293 49 399 240 144 494 306 664 207 604 244 656 590 594 557 643 196 546 163 513 648 129 479 0
0 286 53 403 155 505 116 466 261 212 258 307 250 608 294 167 517 312 130 480 283 611 644 600 562 187 537 636 52 402 657 633 662 0
0 93 443 243 278 18 368 157 507 123 473 10 360 193 543 37 387 103 453 173 523 125 475 266 224 616 209 221 628 267 287 593 574 12 362 617 252 96 446 138 488 637 602 559 571 140 490 0
0 274 42 392 624 340 4 354 216 16 366 162 512 2 352 85 435 150 500 90 440 566 257 80 430 133 483 607 225 575 208 558 690 97 447 161 511 136 486 0
0 194 544 268 326 227 241 75 425 217 591 132 482 618 567 190 540 175 525 311 288 577 265 313 676 661 255 122 472 331 46 396 663 681 605 185 535 638 141 491 615 0
0 290 237 315 229 24 374 99 449 579 164 514 301 222 587 330 640 665 321 309 651 295 572 203 91 441 9 359 553 65 415 113 463 680 32 382 659 645 56 406 671 0
0 158 508 62 412 248 11 361 34 384 238 289 114 464 588 102 452 86 436 152 502 112 462 109 459 598 70 420 145 495 639 0
0 59 409 50 400 41 391 67 417 39 389 184 534 87 437 300 650 220 570 292 95 445 642 148 498 189 539 0
0 299 233 349 649 153 503 83 433 699 332 253 215 72 422 603 565 142 492 29 379 44 394 583 160 510 682 111 461 0
0 76 426 262 188 538 348 297 143 493 698 282 219 350 308 647 92 442 17 367 612 700 632 64 414 71 421 658 128 478 569 0
0 344 169 519 179 529 279 694 210 629 247 228 578 560 335 239 200 550 597 183 533 88 438 135 485 159 509 60 410 94 444 589 685 6 356 0
0 337 139 489 45 395 199 549 63 413 304 38 388 186 536 7 357 14 364 27 377 232 149 499 84 434 263 687 273 324 202 623 654 613 582 552 43 393 35 385 674 0
0 284 51 401 317 55 405 15 365 214 245 667 310 634 28 378 3 353 66 416 26 376 236 564 660 586 595 0
0 100 450 303 653 347 325 675 48 398 57 407 192 542 168 518 336 151 501 697 206 36 386 177 527 5 355 556 686 134 484 0
10002.340486816687
---> edu.hust.soict.cbls.algorithm.cbls.LocalSearch Runtime: 307836
0 139 489 279 285 149 499 133 483 249 10 360 92 442 341 635 247 629 691 599 91 441 213 597 228 219 578 335 275 72 422 685 569 100 450 563 625 0
0 175 525 130 480 304 102 452 61 411 316 302 300 273 654 242 623 234 592 52 402 650 103 453 666 652 328 142 492 584 81 431 678 0
0 252 50 400 602 262 221 347 132 482 319 312 697 272 622 612 85 435 135 485 38 388 669 180 530 65 415 571 23 373 1 351 662 0
0 314 318 325 244 594 125 475 254 171 521 152 502 57 407 177 527 86 436 668 675 329 36 386 306 193 543 14 364 664 604 656 679 26 376 6 356 138 488 136 486 0
0 191 541 237 274 93 443 243 587 342 278 83 433 176 526 158 508 99 449 220 570 692 266 224 616 267 229 122 472 628 287 593 574 185 535 617 11 361 637 624 579 0
0 315 344 196 546 290 194 544 665 236 170 520 179 529 141 491 586 694 96 446 222 34 384 88 438 40 390 330 640 572 680 58 408 147 497 0
0 296 59 409 301 348 118 468 309 651 259 698 295 659 645 60 410 150 500 293 646 48 398 187 537 107 457 609 128 478 643 0
0 165 515 68 418 205 233 282 28 378 320 239 308 349 127 477 699 332 7 357 215 109 459 589 632 555 565 583 658 682 154 504 78 428 62 412 670 0
0 268 188 538 276 270 235 223 216 143 493 64 414 626 157 507 566 585 226 204 90 440 162 512 240 203 105 455 553 573 620 298 590 618 97 447 576 115 465 554 648 76 426 0
0 156 506 340 227 42 392 41 391 192 542 198 548 257 607 225 79 429 575 217 51 401 37 387 184 534 567 577 313 690 331 663 681 137 487 0
0 12 362 248 299 98 448 350 238 289 74 424 700 649 114 464 5 355 598 151 501 588 94 444 70 420 145 495 639 169 519 108 458 4 354 0
0 104 454 345 18 368 19 369 33 383 31 381 322 124 474 292 695 231 305 190 540 174 524 672 126 476 336 206 642 556 686 144 494 581 49 399 3 353 140 490 655 0
0 201 45 395 47 397 251 112 462 155 505 54 404 551 346 317 67 417 20 370 323 2 352 8 358 601 277 667 339 69 419 696 183 533 321 673 56 406 689 671 121 471 627 0
0 281 286 631 284 168 518 189 539 131 481 634 178 528 199 549 113 463 123 473 17 367 343 693 636 200 550 173 523 22 372 134 484 0
0 15 365 161 511 120 470 297 43 393 269 210 327 186 536 27 377 677 619 148 498 333 218 647 263 560 568 260 610 613 80 430 153 503 683 0
0 163 513 338 208 55 405 63 413 311 207 230 288 661 265 558 255 557 209 46 396 605 688 116 466 39 389 44 394 146 496 638 559 580 615 0
0 326 303 271 653 264 621 676 258 256 21 371 608 77 427 106 456 606 172 522 13 363 71 421 25 375 87 437 182 532 614 0
0 75 425 101 451 197 547 261 212 307 250 181 531 246 294 29 379 53 403 232 283 611 644 596 324 600 562 582 657 633 73 423 674 0
0 337 24 374 119 469 334 195 545 211 166 516 561 214 167 517 245 684 310 32 382 82 432 687 202 89 439 564 660 552 16 366 129 479 110 460 595 0
0 164 514 241 280 117 467 591 95 445 253 630 84 434 30 380 9 359 159 509 35 385 66 416 291 603 160 510 641 111 461 0
10032.701986921773
---> edu.hust.soict.cbls.algorithm.cbls.LocalSearch Runtime: 326963
0 290 640 285 299 635 28 378 206 556 289 320 349 101 451 177 527 699 239 649 5 355 213 589 173 523 192 542 563 128 478 670 639 0
0 264 347 258 256 325 142 492 608 675 109 459 36 386 697 186 536 332 7 357 606 14 364 144 494 204 61 411 222 316 157 507 666 572 199 549 554 614 198 548 682 196 546 0
0 164 514 252 96 446 243 233 282 259 114 464 195 545 632 39 389 33 383 57 407 38 388 266 602 224 271 616 609 583 621 267 139 489 593 574 50 400 617 0
0 237 110 460 13 363 261 212 307 250 51 401 8 358 70 420 119 469 78 428 86 436 125 475 611 600 562 32 382 657 587 0
0 201 292 45 395 257 607 231 336 55 405 41 391 686 226 305 576 551 95 445 2 352 214 642 72 422 581 52 402 564 10 360 155 505 655 73 423 0
0 274 47 397 137 487 624 276 340 227 76 426 138 488 34 384 626 112 462 197 547 116 466 225 9 359 575 53 403 577 690 6 356 0
0 176 526 121 471 279 302 629 205 127 477 182 532 103 453 58 408 31 381 294 329 319 652 244 328 555 265 679 594 117 467 678 113 463 669 644 170 520 179 529 124 474 615 0
0 93 443 270 235 322 80 430 323 133 483 673 140 490 174 524 37 387 54 404 585 293 178 528 60 410 240 672 620 311 207 590 661 255 229 557 643 605 579 0
0 165 515 251 66 416 338 230 346 246 67 417 126 476 193 543 601 30 380 283 277 300 696 596 98 448 3 353 158 508 135 485 321 89 439 650 147 497 633 671 580 627 688 0
0 35 385 210 216 18 368 566 203 238 560 350 49 399 588 189 539 17 367 272 622 553 27 377 107 457 180 530 148 498 700 134 484 0
0 59 409 248 262 141 491 208 344 558 190 540 15 365 150 500 317 64 414 88 438 312 167 517 598 612 339 667 87 437 22 372 94 444 172 522 689 120 470 662 136 486 694 0
0 75 425 163 513 71 421 131 481 92 442 12 362 43 393 301 11 361 348 187 537 309 698 295 651 202 91 441 659 552 645 0
0 337 318 334 97 447 668 211 232 304 48 398 175 525 561 151 501 245 684 275 654 330 680 310 687 105 455 26 376 236 582 660 586 625 595 0
0 156 506 220 570 281 286 631 284 168 518 1 351 21 371 130 480 634 74 424 343 693 636 153 503 184 534 191 541 0
0 108 458 4 354 223 297 342 269 692 327 68 418 63 413 677 619 166 516 85 435 573 333 218 647 263 568 260 90 440 29 379 44 394 610 613 99 449 683 0
0 100 450 19 369 345 249 273 324 599 242 623 247 592 228 219 578 335 308 200 550 597 81 431 115 465 685 169 519 106 456 65 415 695 658 46 396 185 535 569 104 454 674 0
0 278 56 406 241 314 628 591 171 521 254 298 122 472 25 375 664 306 604 656 132 482 102 452 40 390 648 194 544 0
0 221 280 160 510 571 143 493 253 630 23 373 215 69 419 291 603 565 154 504 641 181 531 62 412 0
0 188 538 268 326 82 432 129 479 303 217 653 618 567 288 313 676 209 331 663 681 24 374 84 434 159 509 42 392 118 468 161 511 638 559 183 533 0
0 315 287 111 461 637 296 665 341 691 234 149 499 146 496 16 366 123 473 83 433 77 427 646 79 429 152 502 162 512 584 20 370 145 495 0
10190.37390368269
---> edu.hust.soict.cbls.algorithm.cbls.LocalSearch Runtime: 309053
0 297 203 299 10 360 553 320 239 649 647 240 57 407 589 195 545 590 24 374 123 473 149 499 40 390 670 0
0 53 403 272 622 206 556 72 422 29 379 249 236 247 101 451 197 547 44 394 228 273 623 599 578 335 49 399 597 685 586 0
0 163 513 199 549 254 71 421 54 404 64 414 205 114 464 70 420 109 459 2 352 182 532 25 375 338 208 604 288 555 265 558 255 209 287 194 544 605 688 96 446 638 637 559 124 474 615 0
0 76 426 296 341 242 233 691 234 592 66 416 584 336 686 350 308 3 353 88 438 700 135 485 91 441 646 68 418 207 86 436 583 557 658 160 510 0
0 12 362 248 223 18 368 210 83 433 155 505 158 508 133 483 282 560 289 200 550 632 20 370 598 167 517 177 527 573 150 500 134 484 35 385 639 129 479 0
0 237 274 42 392 118 468 307 181 531 178 528 108 458 624 657 243 587 216 345 566 161 511 141 491 220 570 65 415 266 695 224 616 267 593 574 617 252 602 0
0 164 514 75 425 269 322 47 397 251 231 305 619 173 523 332 317 67 417 672 21 371 37 387 682 174 524 333 22 372 601 339 277 667 300 581 99 449 650 683 689 655 73 423 627 0
0 271 280 621 261 212 258 256 319 230 106 456 608 294 38 388 170 520 166 516 630 8 358 606 23 373 27 377 144 494 119 469 669 611 644 562 89 439 165 515 19 369 580 0
0 337 221 132 482 334 48 398 211 304 55 405 15 365 561 214 245 684 310 219 687 654 28 378 32 382 571 564 660 56 406 595 569 0
0 34 384 137 487 143 493 311 125 475 113 463 31 381 661 250 97 447 246 193 543 94 444 596 324 600 74 424 9 359 61 411 674 0
0 286 284 171 521 232 283 293 343 693 263 636 634 202 183 533 17 367 189 539 131 481 107 457 613 582 552 43 393 633 643 185 535 0
0 196 546 278 302 238 349 176 526 45 395 112 462 699 5 355 253 87 437 36 386 215 14 364 588 30 380 291 652 603 565 128 478 628 641 111 461 0
0 268 326 11 361 270 241 116 466 39 389 187 537 591 318 676 142 492 618 81 431 186 536 620 130 480 668 191 541 0
0 344 104 454 694 198 548 117 467 146 496 262 121 471 41 391 159 509 180 530 95 445 612 7 357 172 522 136 486 0
0 184 534 147 497 235 4 354 201 327 103 453 585 226 677 90 440 576 551 346 26 376 175 525 85 435 126 476 323 218 275 568 260 696 610 58 408 673 140 490 625 0
0 292 264 229 347 122 472 51 401 325 102 452 675 148 498 152 502 162 512 312 151 501 697 642 204 115 465 554 614 78 428 46 396 93 443 662 579 0
0 59 409 276 340 227 50 400 13 363 168 518 69 419 626 92 442 120 470 82 432 217 567 577 313 690 331 139 489 663 110 460 681 0
0 290 315 100 450 156 506 279 188 538 301 138 488 348 222 105 455 192 542 330 640 321 629 309 698 295 651 98 448 572 680 665 659 645 16 366 157 507 179 529 671 0
0 6 356 303 80 430 259 127 477 1 351 33 383 257 607 281 631 314 609 653 225 169 519 575 79 429 298 77 427 84 434 306 664 244 656 594 190 540 648 0
0 63 413 52 402 342 285 635 153 503 316 692 666 213 329 679 328 154 504 678 62 412 60 410 145 495 563 0
10156.493505009066
---> edu.hust.soict.cbls.algorithm.cbls.LocalSearch Runtime: 305886
0 93 443 297 216 299 18 368 566 179 529 15 365 649 320 350 239 105 455 647 245 8 358 700 211 106 456 561 589 29 379 46 396 595 670 0
0 274 279 158 508 135 485 62 412 222 243 342 572 629 56 406 73 423 345 278 140 490 220 570 165 515 123 473 692 266 695 224 616 267 628 111 461 593 574 139 489 617 624 0
0 290 129 479 287 156 506 301 637 348 330 640 309 295 698 202 651 91 441 231 152 502 68 418 113 463 581 680 659 552 645 16 366 10 360 133 483 166 516 65 415 147 497 136 486 0
0 201 303 217 51 401 551 207 567 288 313 122 472 653 331 557 264 663 110 460 252 602 681 188 538 638 41 391 159 509 614 80 430 176 526 0
0 237 315 104 454 42 392 13 363 334 305 283 74 424 126 476 2 352 7 357 150 500 684 310 89 439 665 660 187 537 52 402 587 633 655 0
0 262 248 34 384 162 512 272 622 1 351 33 383 57 407 26 376 347 95 445 697 36 386 598 612 145 495 0
0 196 546 316 233 282 28 378 308 349 92 442 101 451 699 94 444 666 83 433 632 213 329 319 328 679 583 658 88 438 678 169 519 669 563 0
0 314 254 298 77 427 81 431 146 496 143 493 240 14 364 215 306 664 311 27 377 39 389 44 394 604 244 656 565 661 590 594 55 405 648 0
0 50 400 138 488 276 269 210 327 157 507 626 112 462 332 37 387 54 404 677 619 682 181 531 304 246 97 447 333 218 263 275 568 260 560 596 300 654 610 613 650 683 625 0
0 103 453 90 440 115 465 205 259 127 477 85 435 130 480 180 530 178 528 257 607 609 209 555 258 256 132 482 608 86 436 606 40 390 141 491 559 0
0 337 221 154 504 284 344 100 450 78 428 61 411 694 571 236 321 247 228 687 634 578 289 335 84 434 200 550 597 153 503 685 191 541 639 164 514 586 121 471 671 0
0 131 481 177 527 108 458 270 118 468 19 369 184 534 255 229 160 510 63 413 312 620 195 545 226 576 338 281 631 605 96 446 662 579 688 0
0 75 425 198 548 47 397 212 307 250 230 117 467 294 148 498 189 539 35 385 175 525 72 422 64 414 644 562 273 600 623 183 533 657 580 0
0 6 356 318 142 492 668 225 79 429 69 419 575 190 540 292 168 518 22 372 642 173 523 323 182 532 53 403 134 484 673 124 474 0
0 163 513 251 302 17 367 119 469 238 49 399 277 23 373 601 253 5 355 151 501 588 291 652 603 128 478 641 185 535 627 0
0 194 544 268 326 43 393 235 340 227 271 24 374 585 208 618 261 577 265 558 676 621 690 171 521 38 388 611 149 499 3 353 25 375 192 542 615 0
0 76 426 241 286 280 591 325 21 371 675 346 67 417 630 343 693 636 696 99 449 186 536 155 505 82 432 161 511 0
0 296 249 341 242 599 324 219 691 234 592 60 410 197 547 116 466 293 58 408 646 204 87 437 584 125 475 199 549 554 71 421 643 11 361 569 674 0
0 322 66 416 174 524 232 317 102 452 672 193 543 20 370 214 30 380 667 339 107 457 564 582 98 448 32 382 689 0
0 45 395 137 487 59 409 12 362 223 285 635 203 114 464 573 336 167 517 109 459 553 206 48 398 31 381 170 520 9 359 70 420 556 144 494 686 172 522 120 470 4 354 0
10070.32489197957
---> edu.hust.soict.cbls.algorithm.cbls.LocalSearch Runtime: 346402
0 59 409 15 365 197 547 116 466 39 389 187 537 347 102 452 87 437 697 312 151 501 150 500 226 576 662 0
0 337 53 403 37 387 334 21 371 304 193 543 232 684 275 310 654 28 378 263 219 687 202 91 441 64 414 613 582 660 552 124 474 47 397 198 548 625 569 0
0 137 487 262 268 326 227 241 75 425 217 129 479 163 513 183 533 83 433 612 211 84 434 561 189 539 82 432 591 618 567 288 577 313 676 255 267 663 605 617 50 400 138 488 120 470 638 0
0 78 428 343 693 32 382 340 235 297 13 363 153 503 316 666 647 98 448 8 358 135 485 585 213 225 328 690 258 154 504 678 575 608 190 540 563 0
0 286 194 544 233 17 367 155 505 54 404 173 523 636 320 239 308 349 5 355 332 699 126 476 215 589 30 380 77 427 331 565 583 658 682 185 535 681 670 0
0 303 166 516 259 99 449 257 607 271 609 653 621 319 256 132 482 122 472 174 524 20 370 606 176 526 184 534 669 147 497 4 354 0
0 6 356 12 362 248 35 385 210 299 203 282 560 238 289 350 74 424 9 359 649 178 528 113 463 114 464 85 435 272 598 622 553 22 372 588 700 632 55 405 136 486 639 0
0 287 314 51 401 14 364 159 509 25 375 94 444 254 338 298 169 519 79 429 123 473 149 499 329 306 664 604 244 656 265 679 594 160 510 648 104 454 615 93 443 637 688 0
0 108 458 243 216 278 345 302 205 127 477 144 494 70 420 119 469 88 438 200 550 152 502 566 115 465 266 695 208 106 456 652 555 558 628 593 616 128 478 0
0 220 570 290 229 142 492 61 411 24 374 40 390 579 274 76 426 624 96 446 348 222 640 341 698 295 691 572 52 402 645 56 406 0
0 269 188 538 34 384 231 305 619 317 48 398 97 447 333 36 386 214 130 480 162 512 667 300 581 321 564 80 430 3 353 650 683 671 655 0
0 280 318 171 521 668 293 146 496 60 410 253 630 107 457 23 373 311 207 27 377 291 603 661 557 110 460 641 643 139 489 0
0 201 100 450 322 143 493 195 545 86 436 551 346 67 417 672 29 379 44 394 148 498 167 517 109 459 323 218 339 568 260 696 610 236 673 140 490 689 586 0
0 344 46 396 694 45 395 327 18 368 112 462 677 95 445 245 277 90 440 19 369 33 383 161 511 131 481 627 595 0
0 224 284 221 111 461 574 42 392 252 156 506 301 602 342 43 393 571 330 157 507 31 381 134 484 186 536 634 242 651 592 680 16 366 199 549 692 170 520 179 529 141 491 0
0 63 413 2 352 1 351 118 468 212 307 250 181 531 246 294 38 388 105 455 69 419 283 644 596 273 324 600 623 562 657 633 73 423 674 0
0 237 315 180 530 26 376 296 587 665 234 309 659 101 451 182 532 103 453 646 584 81 431 57 407 177 527 172 522 0
0 292 281 631 264 209 175 525 92 442 10 360 133 483 261 325 230 675 71 421 168 518 336 206 642 556 686 611 614 559 121 471 580 0
0 158 508 62 412 276 11 361 270 223 41 391 192 542 251 626 204 601 240 7 357 573 620 145 495 590 125 475 554 0
0 164 514 279 165 515 68 418 196 546 285 629 66 416 65 415 249 635 247 599 89 439 117 467 228 578 335 49 399 72 422 597 58 408 685 191 541 0
10205.10107543821
---> edu.hust.soict.cbls.algorithm.cbls.LocalSearch Runtime: 306763
0 252 602 73 423 59 409 279 337 139 489 156 506 13 363 65 415 249 236 629 687 228 599 335 578 23 373 94 444 61 411 199 549 685 123 473 157 507 141 491 586 0
0 221 122 472 325 212 307 250 48 398 675 195 545 232 283 100 450 571 562 273 324 600 623 89 439 582 657 633 187 537 52 402 4 354 674 0
0 284 334 29 379 175 525 85 435 74 424 304 102 452 214 36 386 245 684 310 219 634 654 564 660 56 406 595 569 196 546 0
0 128 478 345 47 397 251 231 695 211 305 64 414 68 418 83 433 601 561 8 358 333 218 134 484 15 365 568 90 440 581 321 183 533 683 19 369 671 655 0
0 266 117 467 145 495 179 529 326 243 278 247 186 536 109 459 150 500 597 293 200 550 9 359 38 388 198 548 616 643 271 676 621 628 267 593 42 392 617 0
0 316 216 302 101 451 1 351 142 492 666 566 204 226 554 576 79 429 213 329 652 328 679 132 482 133 483 331 171 521 678 169 519 563 681 0
0 224 574 237 131 481 177 527 39 389 33 383 108 458 41 391 152 502 208 77 427 20 370 311 207 230 288 661 265 558 255 557 209 190 540 605 76 426 96 446 638 587 559 580 615 0
0 280 160 510 149 499 126 476 205 259 114 464 253 630 87 437 215 155 505 10 360 555 603 565 154 504 609 110 460 0
0 269 63 413 619 294 317 346 246 336 312 206 27 377 78 428 556 686 277 667 84 434 339 260 696 596 300 610 17 367 189 539 35 385 184 534 644 650 140 490 689 43 393 120 470 662 627 0
0 274 287 163 513 112 462 7 357 172 522 624 11 361 637 340 227 217 53 403 69 419 567 577 313 690 95 445 291 62 412 663 641 0
0 303 314 653 318 24 374 159 509 50 400 118 468 254 298 148 498 668 181 531 67 417 240 144 494 306 664 604 244 656 590 594 281 137 487 631 648 129 479 0
0 296 164 514 223 235 342 143 493 119 469 31 381 585 234 309 659 80 430 178 528 692 327 646 677 70 420 573 584 81 431 115 465 57 407 40 390 0
0 116 466 146 496 297 44 394 203 289 275 308 647 49 399 5 355 272 622 553 130 480 225 658 46 396 575 125 475 639 625 0
0 75 425 45 395 257 607 185 535 220 570 292 168 518 22 372 642 107 457 180 530 105 455 167 517 323 193 543 72 422 86 436 153 503 673 124 474 0
0 290 174 524 2 352 197 547 158 508 135 485 229 111 461 579 12 362 138 488 348 222 330 640 341 698 242 592 295 691 572 680 645 16 366 194 544 104 454 0
0 6 356 188 538 241 344 264 591 347 258 256 319 608 191 541 165 515 170 520 166 516 697 182 532 103 453 606 176 526 54 404 669 71 421 614 121 471 694 0
0 201 315 286 51 401 551 21 371 343 693 263 636 202 91 441 106 456 92 442 82 432 613 665 552 18 368 99 449 0
0 262 248 276 301 136 486 210 651 282 238 560 350 349 3 353 60 410 612 598 588 30 380 699 700 632 626 28 378 26 376 25 375 192 542 0
0 322 285 299 635 233 98 448 32 382 66 416 173 523 320 649 239 127 477 332 14 364 672 589 55 405 113 463 583 682 670 0
0 268 93 443 270 34 384 162 512 618 261 620 151 501 338 161 511 97 447 37 387 88 438 58 408 611 147 497 688 0
10253.424890411341
---> edu.hust.soict.cbls.algorithm.cbls.Greedy Runtime: 5475
0 296 342 316 692 54 404 39 389 103 453 169 519 666 58 408 646 228 335 578 350 308 49 399 36 386 332 69 419 700 20 370 119 469 685 658 682 160 510 0
0 315 286 284 164 514 35 385 210 216 665 341 691 282 634 238 560 289 636 239 28 378 245 7 357 588 589 30 380 632 64 414 83 433 195 545 566 162 512 61 411 75 425 639 108 458 595 0
0 231 334 256 97 447 246 317 67 417 333 606 667 40 390 17 367 684 320 219 300 596 581 52 402 11 361 650 683 569 670 0
0 237 264 212 244 594 132 482 346 21 371 197 547 34 384 614 101 451 182 532 15 365 696 309 321 562 659 587 671 0
0 110 460 248 276 270 262 13 363 251 626 153 503 10 360 150 500 204 601 218 620 109 459 598 612 568 84 434 155 505 554 128 478 0
0 274 196 546 344 338 9 359 14 364 159 509 694 268 688 326 624 220 570 271 88 438 189 539 143 493 142 492 618 676 621 46 396 0
0 174 524 130 480 171 521 232 211 70 420 206 167 517 214 561 556 343 339 693 263 275 310 92 442 41 391 295 613 236 645 564 582 660 32 382 689 586 625 0
0 217 129 479 221 51 401 87 437 77 427 79 429 567 258 250 230 319 304 608 81 431 669 324 600 202 654 89 439 178 528 571 552 56 406 73 423 580 674 0
0 201 199 549 71 421 278 149 499 38 388 112 462 293 90 440 170 520 305 551 254 208 288 604 265 558 628 267 643 76 426 617 638 138 488 4 354 655 615 124 474 99 449 0
0 100 450 180 530 62 412 348 297 299 698 98 448 649 349 647 253 85 435 699 78 428 1 351 136 486 163 513 603 190 540 0
0 188 538 227 241 287 331 154 504 131 481 193 543 125 475 18 368 179 529 681 209 229 307 577 591 194 544 290 6 356 559 640 657 43 393 637 579 0
0 337 53 403 3 353 302 234 233 687 259 105 455 260 74 424 610 205 114 464 584 652 555 583 609 57 407 26 376 141 491 0
0 59 409 96 446 340 116 466 183 533 314 280 690 261 313 95 445 664 151 501 126 476 272 2 352 622 630 277 200 550 152 502 611 147 497 663 12 362 156 506 627 0
0 224 574 42 392 301 33 383 68 418 651 247 66 416 597 213 161 511 44 394 106 456 135 485 134 484 80 430 133 483 257 607 191 541 563 0
0 303 653 24 374 173 523 8 358 127 477 207 325 557 255 347 122 472 175 525 697 177 527 675 86 436 65 415 281 631 605 139 489 0
0 63 413 192 542 118 468 203 91 441 5 355 240 23 373 215 553 311 306 329 328 656 679 565 661 181 531 590 148 498 145 495 678 0
0 279 185 535 243 120 470 252 593 111 461 602 50 400 222 330 187 537 176 526 158 508 172 522 680 249 572 273 599 623 629 47 397 123 473 0
0 165 515 19 369 235 223 292 266 327 184 534 298 291 55 405 117 467 336 27 377 166 516 573 642 686 144 494 677 585 107 457 648 641 616 104 454 0
0 45 395 322 25 375 72 422 226 576 225 575 29 379 168 518 294 102 452 312 323 22 372 672 48 398 283 644 673 140 490 121 471 633 93 443 662 0
0 269 285 635 242 592 146 496 345 16 366 198 548 157 507 695 318 137 487 82 432 113 463 31 381 186 536 94 444 619 668 115 465 60 410 37 387 0
10575.051855756543
---> edu.hust.soict.cbls.algorithm.cbls.Greedy Runtime: 5805
0 322 149 499 260 3 353 234 610 10 360 239 114 464 240 672 589 584 306 329 102 452 590 328 656 679 117 467 678 171 521 161 511 0
0 269 345 247 233 205 187 537 200 550 597 619 207 291 557 244 555 594 583 110 460 641 122 472 18 368 695 100 450 184 534 134 484 0
0 231 79 429 211 36 386 27 377 232 179 529 63 413 206 48 398 173 523 109 459 272 622 214 561 22 372 556 343 339 693 277 90 440 581 236 564 582 146 496 689 586 627 0
0 76 426 243 120 470 279 593 160 510 290 45 395 266 257 83 433 169 519 71 421 337 616 163 513 607 174 524 135 485 144 494 283 687 309 629 321 659 640 140 490 633 671 0
0 314 51 401 152 502 334 55 405 88 438 182 532 157 507 346 246 664 317 126 476 333 30 380 204 667 263 684 289 696 300 596 178 528 613 650 683 554 639 0
0 316 251 666 186 536 293 5 355 8 358 601 166 516 253 215 1 351 41 391 603 565 181 531 62 412 643 0
0 315 264 229 212 258 325 97 447 338 608 675 294 81 431 305 57 407 86 436 58 408 644 562 665 17 367 37 387 614 156 506 11 361 655 579 688 0
0 278 299 282 324 335 275 350 308 649 92 442 118 468 28 378 332 69 419 132 482 700 195 545 632 64 414 685 658 628 682 46 396 674 625 0
0 302 203 259 219 238 49 399 349 127 477 245 85 435 150 500 699 14 364 588 553 311 652 26 376 136 486 158 508 172 522 661 142 492 609 190 540 569 595 0
0 59 409 252 602 220 342 143 493 65 415 570 292 129 479 692 327 25 375 2 352 177 527 77 427 677 70 420 323 642 159 509 116 466 183 533 673 124 474 0
0 121 471 297 270 13 363 99 449 280 256 261 298 191 541 175 525 620 148 498 630 647 606 176 526 611 68 418 648 128 478 0
0 286 284 137 487 93 443 348 210 285 341 635 242 691 698 228 634 578 560 310 320 636 40 390 103 453 592 660 16 366 19 369 670 165 515 106 456 189 539 104 454 0
0 180 530 108 458 223 235 248 262 33 383 585 84 434 218 573 193 543 20 370 167 517 598 612 133 483 53 403 568 105 455 107 457 73 423 0
0 344 139 489 694 42 392 96 446 241 82 432 591 307 154 504 101 451 38 388 115 465 153 503 198 548 147 497 138 488 657 43 393 0
0 217 567 250 319 304 125 475 9 359 119 469 31 381 669 170 520 295 202 600 89 439 654 98 448 32 382 645 552 56 406 0
0 268 340 227 24 374 39 389 281 254 208 690 618 230 288 604 313 577 265 558 267 663 631 168 518 23 373 145 495 194 544 617 50 400 638 580 615 0
0 12 362 276 296 201 113 463 626 91 441 646 162 512 94 444 226 213 576 551 21 371 336 151 501 312 67 417 686 87 437 155 505 563 164 514 662 141 491 0
0 185 535 326 35 385 224 271 209 676 255 621 221 331 111 461 75 425 287 574 681 605 237 196 546 15 365 47 397 199 549 571 559 587 34 384 112 462 52 402 637 4 354 0
0 44 394 6 356 274 188 538 624 301 222 330 216 66 416 123 473 60 410 7 357 72 422 566 249 680 572 273 651 599 623 74 424 54 404 61 411 0
0 303 78 428 225 575 653 318 347 95 445 697 197 547 80 430 130 480 668 29 379 131 481 192 542 0
10649.578977323852
---> edu.hust.soict.cbls.algorithm.cbls.Greedy Runtime: 5565
0 131 481 62 412 120 470 297 348 222 299 572 698 282 335 91 441 649 350 647 69 419 700 632 685 161 511 141 491 24 374 61 411 0
0 165 515 293 58 408 87 437 253 23 373 215 311 207 148 498 1 351 44 394 557 313 603 661 565 255 229 122 472 663 643 605 188 538 579 0
0 322 157 507 203 238 289 239 114 464 240 588 553 22 372 672 589 306 329 328 656 679 154 504 88 438 189 539 118 468 65 415 184 534 590 298 678 648 639 0
0 331 287 6 356 681 111 461 108 458 637 301 187 537 192 542 75 425 169 519 249 309 273 651 599 623 321 659 99 449 671 0
0 217 221 21 371 167 517 2 352 151 501 150 500 567 250 230 319 304 48 398 9 359 119 469 113 463 669 162 512 202 600 654 3 353 571 552 580 0
0 201 316 18 368 666 226 213 576 551 181 531 336 312 132 482 686 84 434 98 448 155 505 563 163 513 147 497 138 488 662 33 383 134 484 0
0 314 267 280 261 288 95 445 664 193 543 333 630 339 107 457 13 363 611 179 529 34 384 683 112 462 92 442 689 638 617 0
0 315 264 212 256 258 325 195 545 608 675 294 81 431 123 473 17 367 606 74 424 644 324 562 665 10 360 145 495 83 433 125 475 614 140 490 674 0
0 156 506 248 235 262 35 385 25 375 37 387 231 585 204 166 516 8 358 218 109 459 598 612 245 263 275 260 568 581 610 613 89 439 186 536 176 526 100 450 554 625 595 0
0 224 344 137 487 694 268 43 393 326 574 50 400 82 432 47 397 266 104 454 616 196 546 271 618 265 676 621 117 467 102 452 146 496 103 453 194 544 615 0
0 110 460 243 124 474 593 286 284 129 479 210 285 330 341 635 242 691 228 634 578 560 49 399 36 386 636 200 550 39 389 15 365 592 680 16 366 19 369 4 354 0
0 337 128 478 269 247 233 687 259 205 52 402 149 499 27 377 597 78 428 619 20 370 159 509 143 493 555 583 609 76 426 0
0 54 404 170 520 232 211 191 541 60 410 206 57 407 272 622 214 561 556 72 422 31 381 79 429 277 310 295 582 645 236 564 660 56 406 586 121 471 73 423 627 0
0 274 12 362 252 42 392 624 602 342 220 570 692 198 548 257 115 465 607 63 413 177 527 105 455 182 532 180 530 14 364 77 427 208 558 46 396 0
0 158 508 225 334 171 521 575 106 456 346 246 317 86 436 70 420 133 483 80 430 135 485 667 684 320 219 696 300 596 127 477 90 440 71 421 650 569 670 0
0 279 11 361 276 278 345 629 234 302 101 451 38 388 626 68 418 695 254 338 29 379 174 524 85 435 144 494 584 291 652 604 628 641 160 510 688 0
0 139 489 296 216 66 416 566 646 343 349 308 178 528 28 378 693 332 94 444 699 126 476 197 547 41 391 172 522 658 682 185 535 0
0 59 409 223 96 446 270 136 486 237 292 45 395 327 251 142 492 305 175 525 620 67 417 173 523 323 573 642 601 677 283 152 502 153 503 673 32 382 587 633 655 0
0 93 443 340 227 241 116 466 40 390 209 690 244 26 376 53 403 594 307 577 591 190 540 290 164 514 559 640 657 183 533 0
0 303 199 549 281 631 653 318 168 518 55 405 347 97 447 130 480 51 401 5 355 697 7 357 30 380 668 64 414 0
10529.374658083429
---> edu.hust.soict.cbls.algorithm.cbls.Greedy Runtime: 5907
0 163 513 179 529 252 340 602 268 326 690 331 267 139 489 681 241 617 271 63 413 30 380 92 442 44 394 618 591 676 122 472 621 46 396 0
0 93 443 270 223 33 383 103 453 232 211 158 508 206 620 214 561 573 556 277 157 507 186 536 192 542 80 430 133 483 236 564 582 586 627 0
0 131 481 145 495 334 346 246 55 405 148 498 333 272 622 177 527 339 684 696 300 596 105 455 69 419 61 411 650 140 490 683 121 471 689 0
0 315 314 212 244 594 325 117 467 675 294 106 456 94 444 664 67 417 126 476 151 501 197 547 138 488 4 354 165 515 644 295 562 665 645 43 393 12 362 73 423 0
0 201 251 254 208 551 102 452 134 484 174 524 601 36 386 215 85 435 311 230 604 313 265 558 565 661 160 510 663 76 426 96 446 35 385 99 449 580 615 0
0 303 266 616 653 280 261 97 447 225 86 436 575 298 125 475 24 374 70 420 109 459 630 155 505 11 361 124 474 83 433 195 545 611 198 548 648 0
0 227 287 264 209 307 577 256 288 181 531 29 379 51 401 606 90 440 305 68 418 614 559 657 101 451 182 532 32 382 637 638 655 0
0 269 278 345 247 233 205 114 464 72 422 597 87 437 150 500 619 291 319 555 583 221 628 110 460 641 196 546 184 534 39 389 15 365 695 100 450 113 463 669 571 147 497 136 486 0
0 296 316 25 375 37 387 6 356 116 466 666 18 368 646 293 259 219 335 350 308 49 399 332 8 358 22 372 700 685 609 658 682 643 128 478 569 104 454 0
0 220 570 185 535 216 234 153 503 170 520 566 123 473 60 410 584 306 329 656 328 679 132 482 26 376 13 363 678 190 540 0
0 237 337 194 544 301 348 222 587 143 493 249 572 273 651 687 698 324 599 202 242 623 592 52 402 75 425 108 458 141 491 552 16 366 169 519 77 427 64 414 674 0
0 322 54 404 213 173 523 207 336 312 167 517 672 193 543 686 204 226 576 338 191 541 557 111 461 118 468 554 563 274 53 403 38 388 19 369 120 470 662 50 400 624 688 0
0 129 479 45 395 318 229 255 347 142 492 161 511 175 525 7 357 135 485 20 370 2 352 697 119 469 58 408 668 171 521 152 502 115 465 47 397 281 631 605 156 506 579 0
0 224 574 344 71 421 694 330 680 302 66 416 127 477 14 364 144 494 112 462 652 21 371 1 351 34 384 0
0 292 327 285 635 89 439 149 499 343 693 349 178 528 28 378 699 166 516 323 642 27 377 677 107 457 673 183 533 0
0 164 514 276 248 262 82 432 79 429 626 146 496 17 367 218 189 539 10 360 598 612 245 263 320 289 260 568 610 613 3 353 639 670 595 0
0 217 57 407 567 258 250 304 608 317 81 431 31 381 187 537 200 550 667 310 600 654 56 406 660 98 448 176 526 0
0 286 284 168 518 48 398 199 549 210 341 299 203 691 282 634 238 560 275 636 239 74 424 65 415 180 530 649 84 434 588 553 589 130 480 632 9 359 159 509 625 0
0 59 409 279 42 392 243 235 41 391 172 522 593 88 438 154 504 290 257 607 231 162 512 91 441 585 283 581 228 578 309 629 321 659 640 633 671 0
0 188 538 297 342 692 78 428 5 355 647 23 373 253 240 40 390 590 603 95 445 62 412 137 487 0
10536.856810428453
---> edu.hust.soict.cbls.algorithm.cbls.Greedy Runtime: 5550
0 19 369 340 13 363 318 690 347 256 62 412 34 384 175 525 697 102 452 606 91 441 204 226 668 576 171 521 64 414 554 0
0 93 443 276 73 423 322 54 404 626 166 516 151 501 239 28 378 167 517 245 253 215 240 672 589 590 603 565 255 154 504 184 534 123 473 605 59 409 595 0
0 188 538 96 446 297 222 345 216 341 299 691 99 449 572 228 219 578 335 105 455 647 649 23 373 69 419 566 685 695 21 371 135 485 159 509 569 0
0 292 316 327 149 499 260 74 424 161 511 141 491 610 234 49 399 48 398 666 305 584 36 386 323 22 372 642 677 283 61 411 673 147 497 633 655 0
0 185 535 268 326 227 241 271 63 413 145 495 618 591 313 577 265 676 229 621 221 287 663 111 461 579 75 425 153 503 140 490 121 471 637 4 354 571 52 402 120 470 615 0
0 163 513 266 344 224 616 286 574 284 196 546 694 210 10 360 189 539 143 493 634 560 636 5 355 155 505 198 548 15 365 128 478 0
0 314 51 401 38 388 254 298 306 311 664 207 329 291 55 405 557 168 518 230 604 328 656 679 661 641 24 374 3 353 678 648 76 426 580 0
0 169 519 231 338 334 9 359 72 422 112 462 346 246 317 77 427 173 523 8 358 119 469 57 407 667 343 693 684 320 275 289 696 300 596 581 178 528 236 650 586 639 104 454 625 688 670 0
0 82 432 78 428 293 259 238 349 350 308 92 442 136 486 187 537 332 94 444 699 588 700 200 550 134 484 118 468 609 658 682 643 139 489 0
0 303 53 403 58 408 115 465 225 575 653 209 307 97 447 26 376 267 194 544 11 361 617 35 385 559 657 103 453 146 496 220 570 0
0 217 129 479 25 375 192 542 131 481 567 258 250 304 608 132 482 232 39 389 44 394 84 434 339 310 324 600 202 654 582 660 552 689 124 474 674 0
0 6 356 296 50 400 33 383 646 213 319 288 181 531 336 312 67 417 686 90 440 669 162 512 176 526 80 430 133 483 563 156 506 638 662 12 362 0
0 42 392 243 279 593 337 158 508 193 543 71 421 290 47 397 157 507 31 381 249 629 242 687 309 592 273 599 623 321 659 640 98 448 32 382 671 0
0 285 635 330 17 367 195 545 125 475 680 170 520 179 529 116 466 183 533 199 549 257 607 208 558 122 472 46 396 0
0 248 348 235 262 165 515 585 148 498 218 109 459 598 612 1 351 101 451 182 532 180 530 568 698 295 89 439 645 68 418 0
0 100 450 278 302 233 282 203 205 114 464 20 370 85 435 144 494 632 79 429 29 379 95 445 553 652 555 583 628 117 467 190 540 0
0 45 395 281 331 110 460 41 391 172 522 137 487 681 315 631 212 244 594 325 142 492 675 294 81 431 644 562 665 16 366 60 410 37 387 0
0 164 514 223 138 488 270 264 280 261 160 510 174 524 620 573 333 87 437 630 263 277 40 390 613 186 536 130 480 611 614 683 627 0
0 237 201 18 368 251 113 463 152 502 551 86 436 211 70 420 150 500 601 14 364 206 126 476 272 622 214 561 177 527 127 477 30 380 106 456 556 107 457 564 56 406 587 43 393 0
0 274 252 624 301 602 342 692 108 458 269 83 433 65 415 651 247 66 416 27 377 597 619 191 541 88 438 7 357 2 352 197 547 0
10469.238223752522
---> edu.hust.soict.cbls.algorithm.cbls.Greedy Runtime: 5376
0 59 409 248 138 488 270 340 116 466 690 280 106 456 40 390 261 95 445 620 109 459 2 352 598 630 155 505 124 474 165 515 611 147 497 0
0 175 525 323 151 501 214 7 357 72 422 31 381 277 23 373 263 275 310 178 528 613 202 52 402 141 491 163 513 673 236 564 660 552 56 406 586 627 625 0
0 75 425 322 345 234 203 28 378 182 532 83 433 260 610 170 520 213 584 672 126 476 553 311 306 329 328 656 679 661 181 531 51 401 145 495 298 125 475 678 695 648 563 0
0 279 35 385 290 257 60 410 48 398 112 462 226 576 169 519 607 174 524 30 380 283 228 578 295 309 89 439 645 629 321 659 640 43 393 633 671 0
0 11 361 223 243 235 118 468 593 314 318 347 256 97 447 148 498 664 167 517 697 573 14 364 606 58 408 585 668 86 436 87 437 1 351 0
0 303 217 653 567 250 304 346 36 386 119 469 115 465 105 455 94 444 38 388 57 407 696 600 654 17 367 37 387 198 548 104 454 0
0 25 375 192 542 131 481 195 545 259 289 91 441 293 239 245 253 240 589 291 590 313 603 122 472 609 641 663 643 160 510 639 595 0
0 158 508 179 529 276 196 546 201 292 327 251 78 428 551 319 102 452 9 359 336 312 67 417 642 601 686 677 204 626 669 554 71 421 281 631 188 538 42 392 662 136 486 0
0 227 287 264 209 307 577 244 288 594 225 338 575 305 81 431 161 511 44 394 98 448 135 485 134 484 80 430 133 483 45 395 614 559 657 93 443 637 638 655 688 0
0 139 489 296 262 297 73 423 103 453 54 404 646 123 473 187 537 647 5 355 218 20 370 612 568 90 440 143 493 176 526 0
0 315 267 229 212 258 325 608 675 294 317 77 427 667 92 442 13 363 644 153 503 562 665 149 499 177 527 144 494 107 457 50 400 4 354 579 617 0
0 231 334 117 467 246 55 405 15 365 21 371 22 372 339 684 320 74 424 300 596 242 592 581 47 397 650 108 458 689 670 137 487 0
0 286 221 110 460 284 164 514 210 571 18 368 282 324 634 219 560 636 350 84 434 700 632 183 533 10 360 197 547 569 6 356 674 0
0 316 157 507 666 68 418 199 549 266 99 449 616 129 479 140 490 220 570 156 506 96 446 82 432 79 429 211 191 541 63 413 561 206 173 523 150 500 556 8 358 159 509 0
0 274 252 185 535 602 624 301 222 342 330 101 451 32 382 33 383 113 463 152 502 692 680 249 572 273 651 599 623 146 496 16 366 3 353 0
0 184 534 130 480 19 369 348 41 391 65 415 285 278 299 635 233 698 238 335 49 399 308 649 127 477 332 85 435 588 64 414 685 658 583 628 682 194 544 0
0 337 24 374 62 412 120 470 269 341 687 247 691 205 114 464 597 162 512 39 389 132 482 619 555 46 396 0
0 224 254 208 171 521 70 420 333 215 272 622 207 230 604 265 558 565 255 128 478 331 557 111 461 574 681 12 362 605 53 403 189 539 180 530 154 504 683 580 615 0
0 237 344 88 438 27 377 232 61 411 694 76 426 268 582 587 326 241 271 618 591 676 621 142 492 166 516 26 376 34 384 172 522 0
0 100 450 121 471 216 302 66 416 566 186 536 343 693 349 200 550 29 379 168 518 193 543 699 69 419 652 190 540 0
10599.744843700322
---> edu.hust.soict.cbls.algorithm.cbls.Greedy Runtime: 5300
0 201 316 251 666 105 455 226 211 576 551 346 38 388 174 524 601 206 167 517 214 561 22 372 556 696 32 382 564 143 493 183 533 0
0 156 506 25 375 37 387 158 508 172 522 334 256 97 447 246 48 398 173 523 333 606 684 310 260 300 596 242 91 441 592 610 660 650 683 0
0 164 514 337 137 487 269 124 474 247 233 324 282 687 205 66 416 86 436 597 152 502 113 463 186 536 145 495 57 407 77 427 619 632 555 583 190 540 674 0
0 221 160 510 292 327 571 17 367 177 527 343 693 349 350 49 399 8 358 699 127 477 323 642 700 677 3 353 673 78 428 146 496 0
0 63 413 213 36 386 207 29 379 557 230 319 288 148 498 336 312 67 417 686 90 440 669 162 512 176 526 563 104 454 580 121 471 638 662 0
0 286 331 264 139 489 681 284 196 546 614 236 58 408 65 415 83 433 134 484 586 210 80 430 634 560 636 69 419 23 373 107 457 0
0 315 290 257 607 231 305 204 283 84 434 155 505 34 384 554 581 295 309 56 406 645 321 665 659 640 98 448 52 402 633 671 655 0
0 129 479 285 278 299 635 228 259 219 578 238 335 320 308 74 424 31 381 649 5 355 332 7 357 588 126 476 133 483 18 368 157 507 685 609 658 628 682 181 531 62 412 96 446 136 486 569 670 0
0 188 538 297 248 262 75 425 170 520 232 102 452 14 364 218 192 542 187 537 598 612 245 263 647 339 568 200 550 161 511 103 453 613 582 689 595 0
0 314 24 374 244 594 280 261 175 525 664 132 482 70 420 109 459 630 277 92 442 41 391 611 179 529 120 470 141 491 627 0
0 76 426 301 138 488 348 222 330 216 341 698 28 378 182 532 45 395 180 530 125 475 566 249 680 572 273 651 691 599 623 99 449 149 499 61 411 0
0 165 515 19 369 326 340 118 468 271 209 690 117 467 79 429 193 543 20 370 313 676 255 229 621 267 663 287 111 461 605 11 361 617 42 392 637 579 35 385 220 559 570 0
0 203 293 153 503 60 410 253 215 553 272 622 311 195 545 166 516 1 351 13 363 603 661 565 128 478 643 110 460 0
0 163 513 101 451 151 501 130 480 338 21 371 197 547 688 274 185 535 624 241 44 394 591 307 46 396 657 140 490 0
0 237 303 54 404 225 191 541 575 344 653 212 325 95 445 2 352 85 435 150 500 144 494 675 294 27 377 112 462 119 469 115 465 644 562 89 439 587 694 0
0 296 268 93 443 235 276 227 82 432 68 418 266 626 646 585 40 390 281 254 208 618 604 577 265 558 168 518 26 376 616 631 142 492 123 473 615 0
0 217 224 574 51 401 87 437 72 422 567 258 250 304 608 106 456 94 444 317 81 431 667 202 600 654 178 528 15 365 39 389 552 147 497 73 423 0
0 322 47 397 234 10 360 189 539 184 534 289 275 239 114 464 240 672 589 30 380 584 306 329 291 328 656 679 122 472 590 171 521 298 169 519 678 641 100 450 648 639 625 0
0 6 356 12 362 223 243 270 4 354 593 318 347 154 504 108 458 116 466 9 359 620 697 573 135 485 668 71 421 53 403 159 509 0
0 59 409 279 252 50 400 602 342 43 393 33 383 131 481 64 414 692 345 629 302 16 366 198 548 199 549 695 88 438 652 55 405 194 544 0
10731.301929619985
---> edu.hust.soict.cbls.algorithm.cbls.Greedy Runtime: 5302
0 44 394 6 356 342 269 124 474 316 692 666 260 178 528 610 345 247 205 114 464 27 377 597 619 555 95 445 177 527 695 106 456 135 485 134 484 0
0 274 165 515 153 503 186 536 145 495 125 475 344 129 479 104 454 694 220 268 326 252 42 392 624 243 602 227 241 593 271 24 374 618 591 577 676 621 46 396 570 0
0 201 63 413 192 542 41 391 334 298 258 97 447 14 364 130 480 608 551 346 246 317 148 498 30 380 204 667 343 693 684 696 300 596 90 440 650 554 648 0
0 296 279 337 290 257 607 225 575 231 81 431 19 369 50 400 138 488 54 404 646 283 581 228 578 687 105 455 74 424 309 629 321 659 640 146 496 633 671 0
0 131 481 3 353 302 234 203 259 219 335 176 526 187 537 5 355 553 151 501 240 144 494 584 652 590 685 609 137 487 569 12 362 0
0 185 535 149 499 338 281 194 544 688 315 631 212 325 132 482 675 294 161 511 168 518 119 469 644 562 665 16 366 123 473 0
0 267 280 261 256 230 319 291 77 427 173 523 94 444 70 420 630 606 293 183 533 611 669 199 549 113 463 152 502 179 529 116 466 55 405 641 643 111 461 617 580 0
0 287 221 288 117 467 213 162 512 336 312 193 543 333 686 40 390 10 360 1 351 571 683 563 108 458 638 637 662 0
0 158 508 172 522 170 520 211 9 359 206 38 388 21 371 214 561 109 459 556 277 101 451 245 263 275 310 202 91 441 613 236 564 660 552 586 627 595 625 0
0 217 567 244 250 594 181 531 304 191 541 142 492 232 159 509 582 324 600 654 56 406 18 368 47 397 60 410 37 387 674 0
0 15 365 254 208 169 519 29 379 175 525 2 352 215 8 358 311 207 604 313 154 504 140 490 557 265 558 565 661 255 229 663 76 426 605 156 506 579 615 0
0 322 278 233 98 448 239 200 550 166 516 672 589 306 329 328 656 679 583 628 139 489 53 403 150 500 26 376 118 468 65 415 678 190 540 0
0 121 471 223 96 446 270 4 354 188 538 340 82 432 318 690 347 62 412 120 470 34 384 174 524 620 697 573 102 452 668 64 414 0
0 59 409 276 13 363 88 438 195 545 626 68 418 285 635 341 242 691 592 308 127 477 36 386 155 505 163 513 658 160 510 0
0 93 443 248 262 33 383 251 80 430 601 218 87 437 598 612 133 483 83 433 320 568 295 99 449 645 112 462 92 442 670 0
0 164 514 301 235 348 222 330 216 698 32 382 136 486 75 425 249 680 572 273 651 282 599 623 89 439 17 367 182 532 180 530 48 398 566 585 226 632 576 71 421 0
0 45 395 266 616 286 331 264 128 478 681 284 196 546 614 210 25 375 189 539 143 493 171 521 634 560 636 28 378 107 457 0
0 292 327 157 507 57 407 238 289 349 350 339 69 419 31 381 79 429 84 434 699 20 370 272 622 323 67 417 588 642 700 677 61 411 673 78 428 52 402 689 73 423 639 0
0 303 224 237 574 314 653 209 307 51 401 126 476 85 435 23 373 664 22 372 72 422 305 86 436 58 408 115 465 198 548 103 453 39 389 559 657 587 43 393 11 361 655 35 385 0
0 100 450 147 497 297 299 66 416 649 647 49 399 332 253 7 357 167 517 197 547 141 491 184 534 603 122 472 682 110 460 0
10574.02819664438
---> edu.hust.soict.cbls.algorithm.cbls.Greedy Runtime: 5355
0 314 318 347 256 21 371 664 67 417 86 436 132 482 70 420 272 622 697 177 527 606 153 503 15 365 58 408 668 169 519 9 359 159 509 0
0 104 454 269 341 299 247 273 691 282 324 623 66 416 649 78 428 37 387 101 451 102 452 597 204 619 632 61 411 100 450 163 513 257 554 607 129 479 6 356 674 0
0 316 157 507 231 115 465 162 512 130 480 666 581 259 219 349 350 308 105 455 332 85 435 699 700 87 437 197 547 13 363 99 449 609 658 682 160 510 569 0
0 76 426 93 443 223 345 234 91 441 239 28 378 573 589 584 306 207 329 38 388 557 328 656 679 26 376 143 493 172 522 678 695 71 421 0
0 297 270 248 262 33 383 17 367 7 357 620 333 218 145 495 60 410 598 612 245 263 647 568 23 373 55 405 613 183 533 683 595 0
0 224 331 139 489 574 681 287 286 284 42 392 637 96 446 136 486 210 18 368 187 537 192 542 131 481 634 560 636 107 457 0
0 59 409 279 43 393 301 11 361 348 222 342 330 216 629 572 228 651 698 578 335 289 320 260 98 448 69 419 161 511 103 453 610 680 692 170 520 566 338 685 179 529 141 491 639 670 688 0
0 344 158 508 213 230 319 288 336 312 195 545 686 339 92 442 10 360 1 351 184 534 669 563 274 188 538 662 638 624 689 580 694 0
0 264 221 175 525 72 422 232 211 346 117 467 186 536 206 193 543 166 516 214 561 556 696 32 382 34 384 582 564 571 47 397 614 0
0 303 217 653 567 250 304 29 379 106 456 119 469 19 369 138 488 25 375 275 600 654 127 477 176 526 198 548 625 0
0 322 285 302 635 233 205 74 424 293 5 355 8 358 672 311 652 555 661 583 181 531 62 412 118 468 643 24 374 3 353 137 487 0
0 280 255 229 258 261 97 447 608 334 81 431 112 462 49 399 151 501 630 684 90 440 611 80 430 133 483 605 12 362 579 0
0 296 156 506 243 235 4 354 593 125 475 266 199 549 585 646 226 305 576 254 208 604 265 558 154 504 108 458 41 391 65 415 267 110 460 616 111 461 617 655 615 0
0 165 515 68 418 83 433 295 178 528 645 236 147 497 586 249 599 309 659 321 149 499 2 352 167 517 36 386 155 505 671 0
0 35 385 201 315 337 174 524 551 79 429 57 407 246 317 189 539 88 438 22 372 667 300 596 687 202 242 592 665 56 406 552 650 121 471 73 423 0
0 292 327 203 238 310 114 464 277 52 402 50 400 120 470 63 413 14 364 126 476 109 459 553 323 588 642 27 377 677 283 123 473 673 660 146 496 633 627 0
0 252 276 602 124 474 16 366 251 113 463 626 84 434 135 485 343 693 253 215 94 444 601 240 200 550 134 484 116 466 590 603 565 142 492 39 389 46 396 0
0 185 535 278 140 490 220 268 326 340 227 241 271 690 95 445 150 500 225 171 521 575 298 618 591 577 676 122 472 621 628 168 518 48 398 31 381 194 544 648 45 395 570 0
0 237 281 53 403 40 390 44 394 313 209 663 51 401 20 370 30 380 173 523 182 532 307 190 540 75 425 631 196 546 290 559 640 657 587 0
0 164 514 82 432 54 404 152 502 291 244 594 191 541 641 212 325 148 498 144 494 675 294 77 427 64 414 644 562 89 439 180 530 128 478 0
10672.25935220322
---> edu.hust.soict.cbls.algorithm.cbls.Greedy Runtime: 5386
0 217 567 250 304 195 545 175 525 263 310 32 382 41 391 613 324 600 202 654 660 552 98 448 130 480 176 526 674 0
0 280 325 298 675 117 467 204 153 503 186 536 630 339 277 226 576 554 648 21 371 1 351 689 56 406 627 0
0 274 139 489 326 241 271 209 591 676 621 221 331 264 267 194 544 681 287 185 535 617 96 446 624 138 488 637 136 486 559 571 16 366 99 449 101 451 135 485 64 414 614 147 497 0
0 201 315 286 284 51 401 30 380 225 551 55 405 575 344 179 529 11 361 279 694 210 665 629 634 560 636 74 424 105 455 107 457 0
0 314 318 347 256 95 445 664 38 388 132 482 70 420 109 459 272 2 352 622 697 167 517 151 501 333 606 69 419 668 86 436 61 411 683 124 474 76 426 0
0 216 234 203 28 378 189 539 13 363 169 519 566 211 584 206 553 36 386 214 561 556 126 476 197 547 564 89 439 121 471 0
0 269 299 247 233 282 205 3 353 187 537 144 494 293 649 200 550 597 619 632 291 125 475 131 481 39 389 555 583 641 643 190 540 0
0 156 506 268 12 362 227 252 340 6 356 602 116 466 58 408 31 381 47 397 266 281 254 79 429 208 618 230 604 313 577 265 558 255 690 229 160 510 663 616 631 100 450 605 42 392 4 354 579 35 385 580 615 0
0 303 290 237 224 59 409 574 653 212 307 258 288 319 97 447 608 338 9 359 37 387 53 403 81 431 115 465 669 562 640 657 587 118 468 65 415 188 538 638 688 0
0 78 428 29 379 297 33 383 260 228 610 578 350 308 647 332 700 178 528 60 410 133 483 45 395 199 549 658 682 128 478 137 487 0
0 24 374 231 334 171 521 346 246 317 119 469 54 404 232 667 343 87 437 693 684 320 275 696 300 596 127 477 182 532 180 530 581 236 582 18 368 650 586 625 670 104 454 0
0 337 106 456 40 390 15 365 62 412 82 432 302 687 259 219 238 349 114 464 699 588 20 370 652 154 504 609 129 479 569 0
0 43 393 276 301 222 330 143 493 183 533 25 375 48 398 626 68 418 285 635 341 572 691 651 335 52 402 73 423 44 394 680 170 520 685 196 546 0
0 93 443 348 342 17 367 192 542 158 508 172 522 698 295 645 345 692 157 507 695 257 607 261 148 498 102 452 611 108 458 141 491 0
0 164 514 248 235 262 296 34 384 142 492 646 585 191 541 10 360 218 5 355 598 612 568 84 434 166 516 155 505 0
0 174 524 72 422 305 213 306 311 207 329 77 427 161 511 557 168 518 244 594 328 656 679 661 110 460 184 534 193 543 145 495 678 71 421 563 655 0
0 165 515 19 369 270 243 223 593 111 461 220 570 63 413 294 173 523 620 323 573 57 407 177 527 283 644 673 112 462 92 442 633 0
0 278 149 499 289 239 49 399 14 364 245 253 7 357 23 373 215 85 435 240 8 358 589 590 603 565 122 472 628 46 396 75 425 639 163 513 140 490 595 0
0 292 316 322 327 83 433 666 66 416 672 336 312 181 531 22 372 642 27 377 686 677 90 440 123 473 198 548 88 438 150 500 26 376 50 400 120 470 662 0
0 251 113 463 152 502 162 512 94 444 134 484 80 430 67 417 601 159 509 103 453 249 242 91 441 592 273 623 309 599 321 659 146 496 671 0
10781.025705676273
