---> edu.hust.soict.cbls.algorithm.ga.GASolver Runtime: 8012
0 71 119 135 137 79 53 193 219 101 275 78 47 187 12 152 55 195 15 155 259 124 277 84 224 241 211 218 264 0
0 68 134 115 94 93 87 255 5 145 233 274 16 156 227 9 149 3 143 37 177 74 7 147 208 2 142 234 214 0
0 35 175 83 22 162 139 36 176 138 59 199 120 278 56 196 89 229 58 198 86 25 165 279 30 170 226 260 223 0
0 63 117 106 88 228 85 76 48 188 70 216 69 246 140 257 64 204 210 225 4 144 203 60 200 280 19 159 209 0
0 67 57 197 131 21 161 112 252 102 90 75 18 158 215 72 212 52 192 33 173 27 167 207 230 271 1 141 242 0
0 92 95 232 105 235 108 245 116 248 123 263 125 265 44 184 50 190 126 256 130 266 133 42 182 270 49 189 273 0
0 65 122 129 38 178 132 118 6 146 8 148 258 107 39 179 54 194 262 100 269 272 13 153 240 205 247 0
0 81 109 98 96 82 222 40 180 111 17 157 51 191 238 121 43 183 261 236 128 31 171 268 221 34 174 249 23 163 251 0
0 62 136 127 14 154 10 150 32 172 41 181 114 110 267 250 276 99 80 254 77 29 169 220 217 202 239 24 164 0
0 61 104 103 11 151 26 166 45 185 97 237 243 91 73 66 231 201 113 206 46 186 28 168 213 244 20 160 253 0
2648.7775289128663
---> edu.hust.soict.cbls.algorithm.ga.GASolver Runtime: 6476
0 11 151 28 168 68 42 182 135 129 89 75 15 155 229 137 215 102 269 119 275 106 43 183 259 208 277 246 242 0
0 77 104 91 139 279 113 20 160 253 85 231 80 220 217 32 172 25 165 55 195 53 193 7 147 225 22 162 244 0
0 74 59 199 140 127 52 192 125 265 124 280 105 48 188 264 95 88 214 235 14 154 245 228 267 1 141 0
0 63 118 103 54 194 243 83 69 66 258 123 206 126 263 33 173 31 171 209 223 64 203 266 204 34 174 30 170 0
0 40 180 61 121 18 158 60 200 109 100 5 145 56 196 249 133 273 134 261 73 201 24 164 6 146 240 274 213 0
0 71 76 211 12 152 78 37 177 3 143 216 82 218 93 4 144 233 107 247 112 252 114 254 120 222 128 260 268 0
0 38 178 62 97 87 227 81 17 157 47 187 26 166 67 237 110 207 57 197 108 202 248 46 186 51 191 221 250 0
0 65 111 21 161 98 238 94 234 92 84 10 150 36 176 70 210 16 156 130 50 190 251 2 142 232 224 23 163 270 205 0
0 72 138 136 132 131 122 41 181 271 262 101 86 272 99 44 184 19 159 241 226 278 79 212 276 219 239 0
0 35 175 45 185 90 116 29 169 115 96 236 117 9 149 256 255 49 189 27 167 8 148 58 198 13 153 230 257 39 179 0
2589.528739023151
---> edu.hust.soict.cbls.algorithm.ga.GASolver Runtime: 4876
0 66 105 102 101 242 98 95 238 51 191 106 245 107 46 186 48 188 247 246 29 169 119 30 170 128 35 175 259 268 235 241 206 0
0 6 146 65 136 28 168 43 183 131 15 155 124 271 118 73 213 205 14 154 19 159 20 160 40 180 264 21 161 276 258 0
0 62 122 121 115 88 81 75 228 137 261 104 221 202 18 158 244 215 24 164 59 199 262 57 197 255 277 0
0 63 130 54 194 3 143 127 117 257 96 90 82 60 200 230 132 270 67 267 272 236 203 5 145 222 207 53 193 36 176 0
0 74 135 47 187 4 144 52 192 133 111 78 275 79 34 174 219 113 273 214 218 251 44 184 253 0
0 69 76 56 196 45 185 11 151 31 171 58 198 209 83 25 165 216 93 2 142 223 233 92 232 0
0 68 94 87 80 72 7 147 234 108 220 109 249 116 212 125 32 172 208 129 256 134 248 265 227 269 41 181 274 0
0 64 99 97 91 84 237 100 239 110 70 250 42 182 49 189 231 112 204 39 179 120 240 252 224 260 210 0
0 71 138 126 27 167 12 152 13 153 114 50 190 254 266 89 86 37 177 85 229 226 225 38 178 16 156 77 278 22 162 211 26 166 217 0
0 55 195 61 140 8 148 23 163 139 1 141 123 280 9 149 103 263 201 243 10 150 17 157 33 173 279 0
2672.9981020610066
---> edu.hust.soict.cbls.algorithm.ga.GASolver Runtime: 5955
0 64 97 87 86 226 84 79 227 76 237 107 224 117 219 122 247 124 264 131 271 9 149 56 196 257 204 262 216 0
0 62 130 49 189 119 259 114 113 108 270 248 88 34 174 17 157 253 228 50 190 254 11 151 26 166 30 170 202 0
0 80 98 106 105 25 165 59 199 6 146 58 198 120 118 109 245 137 277 258 28 168 238 220 249 260 246 0
0 39 179 74 129 115 94 75 215 132 269 52 192 135 16 156 33 173 24 164 255 275 35 175 272 234 214 0
0 71 104 15 155 92 89 82 211 127 222 133 7 147 273 47 187 44 184 3 143 10 150 13 153 229 232 267 244 0
0 38 178 83 95 223 57 197 41 181 100 235 53 193 42 182 55 195 125 265 126 266 138 240 40 180 19 159 139 279 278 0
0 66 54 194 103 101 14 154 81 77 241 111 217 123 243 73 18 158 20 160 206 128 263 140 21 161 268 280 221 213 251 0
0 65 22 162 121 116 8 148 99 72 205 134 256 136 48 188 261 60 200 36 176 274 212 276 239 4 144 51 191 29 169 0
0 63 102 91 27 167 90 46 186 78 45 185 231 218 70 68 12 152 32 172 23 163 208 230 242 210 37 177 203 0
0 61 96 2 142 43 183 1 141 93 85 31 171 69 233 110 236 67 201 209 5 145 112 252 225 250 207 0
2617.629001295408
---> edu.hust.soict.cbls.algorithm.ga.GASolver Runtime: 5202
0 29 169 61 92 40 180 86 83 47 187 67 223 232 65 205 103 226 114 15 155 50 190 254 132 272 243 207 201 0
0 68 22 162 139 135 134 119 110 104 275 106 18 158 274 82 279 80 220 70 23 163 208 244 210 222 246 259 250 0
0 25 165 17 157 48 188 79 130 1 141 19 159 54 194 34 174 42 182 127 97 267 90 230 219 270 26 166 237 0
0 55 195 133 108 102 99 242 248 14 154 85 51 191 33 173 225 239 39 179 59 199 273 10 150 31 171 32 172 0
0 66 91 4 144 89 88 28 168 78 231 100 229 69 218 107 228 118 247 60 200 129 269 140 258 240 209 280 206 0
0 36 176 72 3 143 76 13 153 212 30 170 75 215 87 216 128 8 148 268 12 152 49 189 227 53 193 41 181 0
0 73 24 164 113 101 96 253 115 94 11 151 255 123 241 43 183 138 234 236 263 57 197 93 6 146 233 213 278 0
0 64 95 84 74 71 211 120 204 124 46 186 56 196 235 126 264 5 145 52 192 131 214 137 266 271 224 260 277 0
0 63 125 121 20 160 58 198 117 45 185 257 261 105 37 177 98 238 136 81 203 221 245 7 147 265 9 149 276 0
0 62 116 111 109 77 217 16 156 35 175 44 184 27 167 112 251 122 249 2 142 38 178 256 21 161 202 262 252 0
2704.6513774933046
---> edu.hust.soict.cbls.algorithm.ga.GASolver Runtime: 4856
0 74 105 58 198 96 90 83 245 129 223 269 140 39 179 76 45 185 236 104 280 109 230 28 168 216 249 214 244 0
0 16 156 32 172 34 174 59 199 2 142 31 171 5 145 79 107 247 10 150 13 153 33 173 95 219 12 152 235 0
0 65 126 57 197 20 160 122 121 115 111 41 181 262 255 82 251 222 68 205 26 166 266 52 192 49 189 261 208 0
0 69 110 11 151 108 97 77 71 250 124 217 133 273 84 224 248 48 188 6 146 15 155 209 237 264 211 0
0 61 112 9 149 21 161 53 193 43 183 94 66 62 201 125 234 139 279 265 37 177 206 252 202 8 148 19 159 0
0 1 141 50 190 42 182 64 72 204 212 23 163 73 213 98 24 164 131 35 175 22 162 238 118 7 147 271 138 278 258 0
0 63 102 25 165 101 100 91 240 119 87 55 195 227 242 120 203 127 267 130 259 136 260 276 270 46 186 231 241 0
0 75 137 132 60 200 116 256 113 14 154 253 103 36 176 80 277 30 170 220 272 78 215 47 187 218 243 0
0 67 123 117 114 99 254 93 92 44 184 27 167 257 38 178 89 233 54 194 18 158 128 263 268 232 86 229 226 239 207 0
0 70 40 180 88 85 81 228 106 225 134 210 4 144 51 191 135 17 157 275 3 143 56 196 274 221 246 29 169 0
2593.170979120634
---> edu.hust.soict.cbls.algorithm.ga.GASolver Runtime: 5134
0 64 117 108 75 1 141 71 204 120 211 138 23 163 257 134 22 162 18 158 278 248 15 155 260 8 148 215 274 0
0 62 129 123 269 263 118 110 86 258 85 70 225 59 199 210 67 250 28 168 29 169 24 164 202 57 197 207 226 0
0 9 149 130 44 184 58 198 124 115 101 74 35 175 21 161 241 133 137 5 145 52 192 273 255 214 277 2 142 270 264 0
0 63 36 176 16 156 38 178 11 151 33 173 37 177 26 166 27 167 95 235 45 185 80 66 206 65 31 171 205 220 203 0
0 79 93 90 30 170 89 88 230 102 242 82 233 132 228 122 222 72 25 165 219 20 160 212 262 229 272 0
0 68 69 209 87 227 109 208 131 3 143 249 136 271 105 7 147 276 140 48 188 280 121 245 116 256 261 0
0 76 112 53 193 104 91 60 200 47 187 84 252 114 42 182 216 135 231 139 254 244 275 279 13 153 40 180 14 154 224 0
0 55 195 61 119 111 251 107 106 98 17 157 246 125 97 238 113 6 146 237 247 253 259 265 73 213 201 0
0 77 32 172 96 94 83 81 78 234 103 236 128 12 152 221 34 174 243 223 218 217 50 190 54 194 268 0
0 92 39 179 100 4 144 10 150 41 181 46 186 99 239 51 191 126 232 127 43 183 267 19 159 49 189 56 196 266 240 0
2674.8031059756663
---> edu.hust.soict.cbls.algorithm.ga.GASolver Runtime: 3708
0 63 114 98 254 81 129 32 172 221 132 133 51 191 238 21 161 76 216 30 170 272 203 134 269 57 197 273 274 0
0 38 178 61 130 120 3 143 109 107 102 242 18 158 260 43 183 93 66 270 201 233 247 206 249 4 144 48 188 0
0 62 137 103 94 92 26 166 91 243 231 232 277 234 79 219 75 73 71 47 187 215 213 202 15 155 24 164 211 0
0 85 105 55 195 110 106 31 171 37 177 96 87 10 150 225 112 236 127 245 135 267 246 29 169 250 252 275 227 0
0 83 2 142 118 115 42 182 255 5 145 35 175 97 95 237 235 258 138 223 22 162 25 165 54 194 46 186 278 0
0 50 190 65 69 205 89 229 139 209 99 239 100 240 104 36 176 58 198 279 244 123 6 146 263 126 27 167 266 0
0 1 141 64 131 23 163 17 157 101 241 59 199 82 68 208 52 192 40 180 16 156 9 149 204 271 33 173 222 0
0 72 60 200 128 111 88 77 212 90 39 179 49 189 251 108 53 193 217 14 154 248 268 230 228 12 152 45 185 0
0 78 125 124 119 117 7 147 264 86 265 257 20 160 56 196 44 184 84 224 13 153 8 148 259 19 159 226 218 0
0 11 151 34 174 67 121 116 256 80 74 70 214 122 207 136 220 276 140 261 113 28 168 280 253 262 41 181 210 0
2599.586204750974
---> edu.hust.soict.cbls.algorithm.ga.GASolver Runtime: 3438
0 49 189 68 102 242 107 17 157 33 173 80 5 145 34 174 42 182 220 136 247 208 276 38 178 29 169 12 152 0
0 72 108 54 194 56 196 104 100 95 84 235 25 165 55 195 138 244 44 184 248 212 278 40 180 240 224 60 200 0
0 61 11 151 134 19 159 110 274 101 90 87 71 241 59 199 57 197 227 65 230 2 142 211 250 205 62 201 202 0
0 45 185 64 58 198 137 126 116 43 183 266 114 111 254 74 73 22 162 213 139 204 91 279 277 214 231 251 256 0
0 24 164 63 16 156 31 171 125 112 265 52 192 133 252 94 3 143 53 193 234 6 146 203 273 9 149 37 177 0
0 69 83 41 181 209 23 163 26 166 51 191 46 186 4 144 30 170 223 36 176 35 175 117 10 150 257 47 187 0
0 66 132 130 128 8 148 120 270 260 86 226 20 160 79 70 206 113 219 98 238 253 268 21 161 15 155 272 210 0
0 67 18 158 124 118 99 96 258 81 236 13 153 140 239 135 48 188 275 123 221 97 263 280 77 217 207 237 264 0
0 78 106 103 93 89 1 141 243 127 121 246 229 88 28 168 85 32 172 225 7 147 267 261 233 50 190 218 228 0
0 75 115 109 105 255 122 82 222 131 249 129 245 119 14 154 271 76 39 179 27 167 215 259 92 269 232 262 216 0
2622.5156050456008
---> edu.hust.soict.cbls.algorithm.ga.GASolver Runtime: 3697
0 71 109 7 147 99 84 239 13 153 118 73 15 155 211 224 120 213 127 249 138 24 164 278 140 258 267 280 260 0
0 63 6 146 114 111 254 74 10 150 31 171 214 8 148 26 166 66 203 251 4 144 9 149 16 156 56 196 206 0
0 83 130 128 134 70 21 161 268 136 274 276 135 131 275 121 37 177 100 261 25 165 240 87 227 210 270 223 271 0
0 139 43 183 132 52 192 122 5 145 112 272 252 279 44 184 96 88 228 12 152 236 262 22 162 60 200 39 179 49 189 0
0 61 85 79 23 163 45 185 68 65 64 225 29 169 102 205 110 250 124 208 133 242 219 204 264 201 36 176 273 0
0 67 76 30 170 207 77 40 180 216 91 57 197 217 94 231 2 142 51 191 38 178 95 235 123 263 126 266 20 160 234 0
0 78 115 107 101 27 167 98 241 247 125 265 129 255 59 199 42 182 86 82 269 218 226 53 193 55 195 34 174 222 238 0
0 69 54 194 33 173 103 97 58 198 92 80 232 117 257 72 28 168 50 190 243 75 220 215 212 237 209 0
0 62 104 105 137 106 1 141 90 48 188 89 14 154 17 157 229 244 246 230 35 175 277 41 181 202 245 0
0 81 116 46 186 47 187 113 11 151 3 143 253 108 93 19 159 32 172 248 119 18 158 256 221 233 259 0
2627.060504189225
---> edu.hust.soict.cbls.algorithm.cbls.LocalSearch Runtime: 302029
0 11 151 96 140 15 155 280 97 236 46 186 22 162 123 237 108 100 66 93 233 26 166 240 206 248 263 24 164 0
0 36 176 136 76 89 81 35 175 20 160 105 216 134 109 249 276 45 185 129 5 145 245 269 131 4 144 7 147 229 271 221 274 0
0 139 84 78 52 192 113 122 253 125 224 33 173 88 73 262 107 218 126 32 172 279 247 213 51 191 228 265 266 0
0 110 77 29 169 127 267 21 161 86 95 132 226 217 53 193 272 18 158 137 124 1 141 30 170 106 246 235 91 99 8 148 239 104 250 119 231 259 277 244 264 0
0 63 116 47 187 27 167 112 101 241 135 256 70 102 203 39 179 69 210 252 242 130 94 98 270 209 234 238 56 196 275 0
0 16 156 9 149 17 157 25 165 120 59 199 2 142 260 0
0 44 184 50 190 67 3 143 92 232 207 103 111 10 150 41 181 243 251 31 171 38 178 0
0 83 62 223 61 201 202 85 57 197 117 133 115 58 198 14 154 257 225 273 12 152 255 43 183 40 180 48 188 0
0 82 23 163 19 159 6 146 222 72 28 168 212 55 195 13 153 90 74 114 87 80 254 65 68 230 227 205 214 208 220 0
0 64 118 128 121 49 189 37 177 42 182 79 34 174 219 75 215 54 194 204 258 261 71 138 268 60 200 211 278 0
1463.5470765328935
---> edu.hust.soict.cbls.algorithm.cbls.LocalSearch Runtime: 268428
0 139 32 172 122 96 113 236 57 197 73 67 262 133 10 150 253 207 138 135 279 213 127 267 273 38 178 278 275 0
0 97 29 169 76 123 131 105 216 237 108 100 66 93 233 50 190 2 142 6 146 54 194 245 240 206 248 263 271 24 164 0
0 136 82 20 160 137 22 162 125 34 174 27 167 90 129 87 222 114 80 254 65 17 157 269 68 230 276 227 205 12 152 277 265 208 220 0
0 94 81 89 128 45 185 98 15 155 234 238 84 268 95 224 101 53 193 235 241 229 221 0
0 35 175 70 21 161 25 165 119 102 121 259 109 249 75 210 242 215 31 171 261 30 170 71 132 40 180 272 23 163 211 0
0 64 118 44 184 204 91 258 72 7 147 16 156 231 39 179 130 270 212 9 149 48 188 0
0 63 61 201 47 187 58 198 111 126 117 74 41 181 251 5 145 26 166 257 203 266 214 0
0 11 151 140 69 4 144 28 168 92 232 209 1 141 134 52 192 78 37 177 120 107 218 51 191 260 247 280 274 0
0 110 36 176 116 77 86 226 112 217 8 148 88 115 99 46 186 256 106 255 56 196 124 43 183 246 79 55 195 104 13 153 239 252 219 228 250 19 159 244 264 0
0 83 62 223 103 85 202 33 173 59 199 3 143 225 49 189 14 154 243 42 182 18 158 60 200 0
1485.3230447786975
---> edu.hust.soict.cbls.algorithm.cbls.LocalSearch Runtime: 310177
0 97 92 232 1 141 13 153 28 168 76 127 124 119 237 102 259 121 9 149 216 113 261 253 8 148 242 69 130 94 270 19 159 209 23 163 234 267 264 0
0 64 118 128 38 178 70 20 160 49 189 31 171 105 37 177 210 93 233 59 199 27 167 100 258 240 10 150 245 204 135 268 36 176 275 0
0 82 137 91 34 174 42 182 75 39 179 90 74 222 114 215 87 80 254 65 230 227 205 231 277 214 220 0
0 63 106 84 77 95 138 217 101 224 132 241 71 40 180 246 235 30 170 272 18 158 51 191 43 183 58 198 4 144 104 134 203 12 152 60 200 244 211 278 274 0
0 11 151 17 157 78 25 165 218 111 251 115 129 72 269 212 255 0
0 139 83 223 116 16 156 7 147 279 123 263 125 55 195 256 265 45 185 3 143 52 192 48 188 0
0 136 21 161 44 184 68 15 155 89 208 81 276 109 249 131 22 162 229 86 226 271 29 169 221 0
0 110 47 187 54 194 103 33 173 243 88 117 41 181 120 107 5 145 257 98 228 250 238 56 196 247 260 0
0 62 61 201 202 112 99 79 14 154 140 26 166 108 239 219 252 66 96 2 142 6 146 73 206 248 236 53 193 213 280 0
0 35 175 46 186 122 57 197 50 190 67 262 133 126 24 164 207 85 32 172 225 273 266 0
1523.238931983048
---> edu.hust.soict.cbls.algorithm.cbls.LocalSearch Runtime: 156706
0 116 77 84 224 46 186 122 18 158 256 121 20 160 113 253 217 99 8 148 72 91 261 34 174 262 133 88 31 171 239 228 134 231 212 273 56 196 274 0
0 35 175 136 78 276 45 185 140 26 166 129 49 189 96 50 190 67 107 218 207 236 53 193 269 247 280 0
0 11 151 100 125 103 85 126 240 117 115 120 243 3 143 260 29 169 76 216 257 68 225 265 255 266 208 0
0 82 92 232 106 246 10 150 90 74 5 145 222 114 87 80 254 65 17 157 47 187 27 167 130 230 270 227 205 214 220 0
0 64 118 70 23 163 44 184 108 75 210 15 155 25 165 215 204 258 248 138 278 0
0 83 62 223 202 101 51 191 241 21 161 127 267 16 156 37 177 66 59 199 42 182 4 144 206 14 154 30 170 60 200 0
0 81 89 109 98 119 259 238 249 131 271 33 173 2 142 86 135 226 40 180 22 162 229 221 24 164 275 0
0 110 139 279 71 132 95 61 201 32 172 128 12 152 268 235 272 137 38 178 124 277 1 141 104 7 147 43 183 250 19 159 244 264 211 0
0 63 97 112 57 197 58 198 79 55 195 28 168 102 9 149 203 39 179 69 94 252 93 233 242 219 237 209 234 0
0 36 176 123 105 52 192 245 13 153 41 181 73 111 263 213 6 146 251 54 194 48 188 0
1498.0702357037164
---> edu.hust.soict.cbls.algorithm.cbls.LocalSearch Runtime: 210064
0 63 132 138 53 193 272 113 253 18 158 137 9 149 68 65 203 208 39 179 205 94 75 215 69 130 270 277 209 21 161 234 278 0
0 64 118 128 82 121 45 185 120 26 166 87 222 129 204 258 261 28 168 71 268 260 51 191 92 232 127 136 267 76 43 183 269 216 276 227 12 152 38 178 211 0
0 116 16 156 256 30 170 60 200 35 175 122 4 144 72 74 115 73 41 181 67 262 133 126 207 32 172 213 212 255 273 266 214 0
0 81 44 184 109 98 119 259 238 249 131 84 33 173 2 142 135 224 40 180 271 221 275 0
0 134 19 159 139 274 36 176 279 62 202 112 91 14 154 90 37 177 114 27 167 252 80 254 230 231 220 0
0 83 55 195 223 95 29 169 106 20 160 235 246 111 34 174 251 42 182 22 162 6 146 31 171 54 194 48 188 0
0 110 77 61 201 85 217 101 125 241 46 186 1 141 7 147 124 47 187 104 49 189 17 157 250 225 265 244 264 0
0 11 151 5 145 3 143 97 123 70 102 237 105 52 192 108 245 100 242 210 66 59 199 240 206 248 263 24 164 0
0 89 56 196 78 15 155 25 165 93 140 233 96 107 218 236 247 229 280 0
0 86 226 103 57 197 117 10 150 99 79 219 13 153 8 148 50 190 243 88 58 198 239 257 228 23 163 0
1536.5970433197513
---> edu.hust.soict.cbls.algorithm.cbls.LocalSearch Runtime: 157763
0 64 118 89 35 175 23 163 229 98 119 121 259 238 102 106 20 160 22 162 11 151 4 144 204 75 242 215 129 258 261 28 168 269 113 246 253 71 127 267 211 0
0 63 112 33 173 107 3 143 84 203 94 65 252 69 87 227 205 209 21 161 234 86 247 226 224 24 164 0
0 110 116 132 16 156 272 125 138 55 195 30 170 18 158 256 137 124 79 91 14 154 74 5 145 219 17 157 1 141 13 153 104 250 231 277 265 214 244 264 278 0
0 25 165 130 68 15 155 81 208 128 109 270 249 131 268 101 271 241 221 0
0 44 184 96 140 78 9 149 47 187 8 148 120 67 218 207 236 135 260 280 275 0
0 139 83 223 95 46 186 279 51 191 43 183 235 122 66 26 166 31 171 262 206 34 174 2 142 40 180 134 38 178 274 0
0 82 92 232 45 185 105 37 177 54 194 245 90 133 41 181 222 114 80 254 230 19 159 273 220 0
0 56 196 29 169 6 146 58 198 61 201 85 57 197 126 117 115 72 257 225 12 152 255 212 266 0
0 97 36 176 136 70 237 276 39 179 108 49 189 100 210 93 233 59 199 27 167 73 240 248 53 193 213 60 200 0
0 123 76 77 62 263 103 202 32 172 217 99 111 10 150 50 190 243 88 251 42 182 239 7 147 216 228 52 192 48 188 0
1550.56422626749
---> edu.hust.soict.cbls.algorithm.cbls.LocalSearch Runtime: 288926
0 118 12 152 91 258 90 38 178 92 232 231 134 230 68 208 81 64 128 121 37 177 204 261 131 84 268 224 271 221 274 0
0 16 156 46 186 113 78 122 30 170 253 74 88 115 73 262 218 126 111 14 154 251 3 143 71 213 255 228 211 214 266 0
0 35 175 103 8 148 117 41 181 67 107 120 243 129 108 257 269 248 207 101 241 135 260 29 169 247 36 176 275 0
0 110 97 62 61 201 85 202 132 125 272 72 7 147 124 212 9 149 24 164 44 184 5 145 26 166 104 237 250 225 265 244 264 0
0 63 6 146 109 249 102 98 94 130 75 242 87 50 190 2 142 47 187 215 270 203 227 238 234 0
0 139 83 223 95 33 173 54 194 40 180 235 279 21 161 60 200 25 165 27 167 4 144 48 188 0
0 116 76 45 185 216 49 189 69 17 157 55 195 119 259 209 123 86 138 263 53 193 256 106 20 160 18 158 246 226 51 191 278 0
0 136 127 267 82 70 1 141 10 150 137 277 276 39 179 222 114 93 59 199 233 80 254 65 210 19 159 205 220 0
0 11 151 133 57 197 31 171 28 168 105 245 13 153 58 198 52 192 15 155 273 23 163 0
0 89 56 196 77 43 183 112 217 99 79 239 100 219 252 66 140 96 42 182 34 174 240 206 236 32 172 22 162 229 280 0
1538.6796416278216
---> edu.hust.soict.cbls.algorithm.cbls.LocalSearch Runtime: 309738
0 139 116 9 149 7 147 18 158 256 122 113 253 8 148 73 67 262 126 207 125 134 19 159 279 213 127 267 265 266 274 0
0 110 35 175 22 162 123 119 250 109 259 249 131 108 100 66 140 2 142 86 16 156 240 206 248 263 271 226 40 180 28 168 135 38 178 280 275 0
0 11 151 37 177 42 182 78 118 25 165 107 218 258 247 0
0 83 62 223 61 201 202 85 111 117 133 31 171 115 251 27 167 87 257 17 157 225 227 273 12 152 255 20 160 52 192 48 188 0
0 63 97 132 112 53 193 272 79 5 145 3 143 102 203 94 252 69 242 130 219 270 237 209 21 161 234 45 185 24 164 0
0 44 184 55 195 14 154 68 15 155 29 169 89 208 81 23 163 229 221 36 176 0
0 76 6 146 41 181 120 54 194 137 260 103 99 72 34 174 243 88 239 228 216 277 212 0
0 56 196 84 124 136 264 82 92 232 105 49 189 10 150 245 90 74 32 172 224 57 197 222 114 93 233 80 254 65 230 276 205 214 220 0
0 64 128 121 70 1 141 13 153 129 98 39 179 75 210 59 199 50 190 215 204 261 30 170 43 183 269 71 138 268 238 211 278 0
0 77 95 217 101 51 191 241 46 186 106 60 200 47 187 96 235 246 91 236 33 173 26 166 58 198 4 144 104 231 244 0
1536.8730476004919
---> edu.hust.soict.cbls.algorithm.cbls.LocalSearch Runtime: 305350
0 83 62 223 61 201 202 85 126 117 133 10 150 50 190 3 143 23 163 25 165 257 225 273 266 0
0 76 84 113 137 224 57 197 67 42 182 207 103 99 72 253 8 148 243 115 88 239 228 216 277 212 255 21 161 0
0 81 45 185 31 171 129 54 194 28 168 134 109 98 96 15 155 238 249 131 269 86 135 226 236 271 29 169 274 221 36 176 275 0
0 19 159 116 256 123 38 178 44 184 108 87 100 227 37 177 93 233 66 140 240 206 248 263 51 191 280 0
0 136 82 12 152 92 232 1 141 79 122 13 153 90 262 74 5 145 222 114 27 167 26 166 52 192 219 80 254 65 230 276 205 214 220 0
0 11 151 75 17 157 22 162 119 259 49 189 215 120 41 181 2 142 260 0
0 110 77 95 132 55 195 217 101 40 180 241 125 46 186 272 106 124 35 175 20 160 235 246 91 14 154 4 144 104 7 147 250 231 265 56 196 60 200 244 264 0
0 63 112 53 193 18 158 30 170 70 102 203 94 210 252 69 242 130 68 270 209 234 6 146 24 164 208 0
0 89 64 118 128 121 78 39 179 59 199 107 218 33 173 58 198 204 258 261 71 138 268 247 229 127 267 211 278 0
0 139 97 47 187 73 111 32 172 43 183 237 105 245 34 174 251 279 213 16 156 9 149 48 188 0
1545.7532850715068
---> edu.hust.soict.cbls.algorithm.cbls.LocalSearch Runtime: 223685
0 76 82 12 152 92 232 132 272 122 105 216 52 192 13 153 245 90 74 262 41 181 222 114 93 233 80 254 65 17 157 230 205 214 220 0
0 139 116 127 267 23 163 43 183 28 168 256 113 4 144 129 253 57 197 26 166 73 67 126 207 53 193 269 38 178 279 213 266 0
0 63 33 173 42 182 112 55 195 79 30 170 102 203 39 179 140 252 242 130 94 219 98 270 134 238 234 280 274 0
0 83 223 61 201 85 111 32 172 60 200 47 187 251 115 133 117 87 69 209 255 9 149 119 257 225 227 259 273 19 159 0
0 110 95 125 101 241 46 186 49 189 235 137 124 6 146 58 198 277 106 20 160 246 91 34 174 27 167 104 250 109 231 249 265 244 264 0
0 44 184 54 194 68 15 155 136 16 156 18 158 276 128 208 81 56 196 268 221 29 169 0
0 64 89 35 175 121 70 75 210 204 25 165 50 190 215 261 40 180 71 138 229 211 278 0
0 36 176 21 161 123 78 45 185 31 171 5 145 96 59 199 120 107 218 3 143 84 224 263 236 260 247 0
0 97 86 135 226 51 191 22 162 131 237 108 100 66 2 142 37 177 240 10 150 206 248 271 24 164 275 0
0 11 151 7 147 77 62 103 202 217 99 14 154 72 8 148 243 88 239 228 118 212 1 141 258 48 188 0
1501.4667102816065
---> edu.hust.soict.cbls.algorithm.cbls.Greedy Runtime: 737
0 16 156 60 200 123 78 49 189 130 270 105 122 18 158 245 41 181 67 262 218 207 263 24 164 0
0 136 62 202 85 112 57 197 99 40 180 104 239 39 179 87 80 252 68 225 227 276 244 208 220 0
0 81 64 128 25 165 54 194 19 159 84 106 131 20 160 113 45 185 204 246 253 224 268 271 61 201 221 0
0 11 151 103 55 195 117 31 171 100 257 37 177 96 243 107 240 236 53 193 247 0
0 110 116 70 102 250 75 242 4 144 215 140 66 93 210 233 26 166 115 3 143 47 187 42 182 206 30 170 256 255 21 161 280 0
0 83 223 86 132 226 101 32 172 241 71 51 191 272 33 173 88 59 199 27 167 228 15 155 211 0
0 63 82 203 134 108 2 142 6 146 222 8 148 120 73 248 260 213 274 0
0 89 56 196 76 23 163 77 229 36 176 44 184 13 153 217 111 126 133 10 150 74 5 145 251 129 58 198 269 46 186 119 216 259 273 266 214 0
0 118 121 12 152 137 52 192 79 91 261 258 72 90 34 174 50 190 114 69 254 65 219 230 94 205 109 231 249 277 209 212 22 162 234 9 149 48 188 0
0 139 97 95 138 279 29 169 127 267 35 175 135 125 235 14 154 28 168 92 232 124 1 141 7 147 43 183 237 98 17 157 265 238 38 178 264 278 275 0
1582.6615518426486
---> edu.hust.soict.cbls.algorithm.cbls.Greedy Runtime: 722
0 116 1 141 91 7 147 70 102 231 39 179 242 140 66 93 233 210 69 59 199 115 206 40 180 256 209 255 21 161 280 0
0 139 136 84 86 279 135 125 224 226 132 71 124 46 186 272 79 34 174 3 143 22 162 6 146 90 219 230 98 276 265 238 264 211 275 0
0 118 45 185 121 12 152 92 232 137 43 183 261 258 72 114 50 190 80 254 65 94 68 205 9 149 277 212 60 200 234 208 220 0
0 76 56 196 97 138 103 57 197 111 133 32 172 47 187 243 251 27 167 104 216 237 109 249 273 244 278 0
0 81 64 128 23 163 36 176 44 184 54 194 106 20 160 49 189 129 269 131 4 144 204 246 55 195 30 170 268 271 61 201 221 0
0 110 127 267 38 178 62 202 112 14 154 28 168 250 119 37 177 42 182 252 15 155 259 19 159 0
0 11 151 2 142 16 156 123 78 122 113 253 33 173 67 262 218 207 263 24 164 0
0 77 82 134 105 108 13 153 245 222 5 145 8 148 120 41 181 73 248 217 101 53 193 241 260 213 274 0
0 63 83 223 95 51 191 18 158 235 99 85 126 117 10 150 74 88 31 171 58 198 257 87 239 228 225 227 203 266 214 35 175 48 188 0
0 89 25 165 130 75 17 157 270 52 192 100 96 26 166 215 107 240 236 29 169 247 229 0
1567.4597991757566
---> edu.hust.soict.cbls.algorithm.cbls.Greedy Runtime: 639
0 139 83 223 95 86 279 84 135 125 224 226 132 71 235 32 172 6 146 3 143 92 232 124 272 98 19 159 265 238 56 196 264 211 275 0
0 89 25 165 10 150 122 129 100 66 26 166 96 67 262 240 206 207 236 46 186 269 23 163 229 36 176 0
0 63 62 138 103 202 57 197 126 133 115 243 69 68 52 192 17 157 209 255 273 203 208 266 35 175 60 200 278 0
0 81 64 128 106 131 47 187 91 14 154 204 231 37 177 42 182 246 101 241 268 271 61 201 221 0
0 110 118 121 105 20 160 30 170 137 55 195 261 258 245 7 147 43 183 4 144 72 114 80 254 15 155 250 109 249 277 38 178 212 21 161 220 0
0 11 151 2 142 127 267 136 70 276 102 33 173 242 210 59 199 140 27 167 28 168 51 191 280 0
0 16 156 82 9 149 134 108 75 130 270 49 189 215 222 54 194 8 148 120 73 248 53 193 22 162 260 213 274 0
0 78 94 12 152 34 174 107 218 24 164 247 29 169 234 45 185 48 188 0
0 44 184 123 77 97 112 263 85 217 99 117 41 181 58 198 13 153 90 257 104 239 252 65 230 237 225 205 244 0
0 116 76 1 141 18 158 256 40 180 113 79 253 111 74 88 251 5 145 50 190 93 233 39 179 87 31 171 219 119 216 228 227 259 214 0
1592.9098886522263
---> edu.hust.soict.cbls.algorithm.cbls.Greedy Runtime: 662
0 81 64 128 19 159 16 156 106 49 189 129 54 194 269 131 1 141 204 246 7 147 268 271 61 201 221 46 186 48 188 0
0 89 121 12 152 137 91 261 72 90 5 145 114 254 69 130 270 94 230 119 231 109 249 277 259 209 212 234 229 6 146 2 142 24 164 0
0 110 63 116 70 102 203 39 179 250 242 140 66 93 210 233 59 199 50 190 115 58 198 206 256 255 21 161 60 200 280 0
0 118 23 163 136 76 25 165 10 150 105 55 195 245 258 74 117 88 87 257 80 26 166 216 228 227 276 214 220 0
0 35 175 38 178 127 267 82 134 108 75 215 222 3 143 34 174 120 42 182 73 248 53 193 260 213 274 0
0 83 77 11 151 217 62 223 138 202 133 14 154 37 177 27 167 22 162 273 278 0
0 44 184 13 153 103 111 33 173 100 96 251 243 41 181 107 240 236 247 0
0 123 78 45 185 122 113 253 36 176 47 187 67 262 218 207 263 57 197 31 171 68 208 0
0 97 112 85 126 32 172 99 79 8 148 15 155 225 52 192 104 239 252 65 219 237 205 266 244 0
0 139 95 29 169 86 279 51 191 84 135 125 224 101 226 132 241 71 235 40 180 28 168 92 232 124 43 183 20 160 272 30 170 18 158 9 149 4 144 98 17 157 265 238 56 196 264 211 275 0
1615.335157775434
---> edu.hust.soict.cbls.algorithm.cbls.Greedy Runtime: 647
0 139 83 223 95 86 279 51 191 84 135 125 224 101 226 132 241 71 235 55 195 28 168 92 232 124 38 178 16 156 20 160 272 18 158 98 15 155 265 238 56 196 264 211 275 0
0 116 70 102 105 242 140 66 93 59 199 233 210 69 245 129 115 117 206 32 172 47 187 58 198 269 256 257 209 255 280 0
0 89 6 146 75 100 215 5 145 17 157 8 148 120 107 73 240 53 193 30 170 260 213 247 229 0
0 63 110 36 176 118 121 25 165 42 182 54 194 261 258 74 88 87 80 26 166 228 250 227 203 214 220 0
0 11 151 2 142 62 138 103 202 85 126 133 34 174 50 190 243 27 167 31 171 225 109 249 273 266 278 0
0 35 175 127 267 136 37 177 130 270 82 276 39 179 108 49 189 222 248 24 164 0
0 57 197 68 208 81 64 128 9 149 106 131 52 192 204 246 40 180 22 162 268 271 61 201 221 0
0 44 184 10 150 13 153 137 111 14 154 72 90 251 114 96 254 230 134 277 212 1 141 7 147 236 29 169 274 0
0 23 163 76 21 161 60 200 77 97 112 217 99 91 79 104 4 144 239 252 65 94 219 45 185 119 216 237 231 259 205 12 152 43 183 19 159 234 244 0
0 123 78 122 113 253 33 173 67 262 218 41 181 3 143 207 263 46 186 48 188 0
1567.4790008813134
---> edu.hust.soict.cbls.algorithm.cbls.Greedy Runtime: 733
0 118 121 19 159 6 146 17 157 137 261 258 72 90 37 177 114 80 254 65 230 205 109 249 277 212 21 161 220 0
0 139 29 169 136 279 135 125 85 132 71 51 191 124 23 163 44 184 54 194 272 55 195 79 14 154 4 144 219 98 225 276 265 238 264 211 275 0
0 63 116 70 102 203 39 179 94 242 140 66 93 233 210 69 26 166 115 3 143 43 183 206 256 209 255 234 280 0
0 25 165 68 208 81 64 128 45 185 106 131 204 246 101 241 268 271 61 201 221 36 176 0
0 83 97 223 95 138 53 193 235 111 126 133 41 181 251 31 171 129 13 153 30 170 20 160 269 46 186 1 141 104 237 12 152 273 266 244 278 0
0 110 16 156 38 178 86 226 62 202 112 33 173 42 182 250 119 252 27 167 7 147 259 35 175 60 200 0
0 127 267 82 134 52 192 108 75 130 270 49 189 215 222 15 155 8 148 120 73 248 32 172 260 213 274 0
0 103 57 197 117 10 150 91 18 158 231 257 100 96 243 107 240 236 247 9 149 48 188 0
0 11 151 2 142 123 78 105 122 113 253 40 180 245 34 174 50 190 67 262 218 207 263 24 164 0
0 89 56 196 76 77 229 84 92 232 224 217 99 22 162 47 187 74 88 5 145 87 239 59 199 58 198 28 168 216 228 227 214 0
1579.2561375968376
---> edu.hust.soict.cbls.algorithm.cbls.Greedy Runtime: 654
0 139 83 223 95 86 279 84 135 53 193 235 101 125 224 226 132 241 71 51 191 124 20 160 272 30 170 9 149 4 144 98 17 157 12 152 265 238 21 161 264 211 275 0
0 11 151 42 182 123 78 122 113 253 33 173 59 199 67 262 218 207 263 24 164 0
0 47 187 2 142 62 138 202 85 111 126 133 57 197 251 69 68 225 209 273 266 208 278 0
0 63 116 127 136 267 92 232 256 22 162 6 146 100 90 74 240 34 174 88 87 7 147 43 183 230 228 227 276 203 214 0
0 81 39 179 102 106 40 180 105 37 177 130 270 108 242 140 26 166 245 246 248 221 280 0
0 64 89 56 196 229 76 1 141 216 119 259 128 49 189 27 167 204 41 181 3 143 268 48 188 0
0 77 103 217 55 195 117 10 150 8 148 243 120 107 73 31 171 257 15 155 260 213 247 36 176 0
0 118 35 175 121 70 38 178 16 156 137 45 185 14 154 129 28 168 18 158 269 261 258 72 115 5 145 114 50 190 254 210 109 249 277 212 255 60 200 0
0 110 97 112 99 79 46 186 23 163 44 184 58 198 104 13 153 239 80 252 65 94 219 250 52 192 237 205 19 159 234 244 220 0
0 29 169 82 25 165 54 194 91 32 172 131 231 134 75 93 233 66 215 96 222 206 236 271 61 201 274 0
1556.3528548765896
---> edu.hust.soict.cbls.algorithm.cbls.Greedy Runtime: 632
0 62 138 103 202 111 126 133 41 181 3 143 45 185 34 174 251 115 243 58 198 30 170 255 273 266 278 0
0 11 151 22 162 118 56 196 136 43 183 85 57 197 79 258 74 88 31 171 87 80 219 228 225 227 276 214 220 0
0 44 184 42 182 68 208 81 64 128 38 178 23 163 84 106 131 113 204 13 153 246 253 101 224 40 180 241 268 271 61 201 221 0
0 78 52 192 129 73 107 218 117 10 150 91 46 186 269 257 231 15 155 213 247 24 164 0
0 82 25 165 94 108 100 96 222 5 145 120 240 248 236 32 172 260 29 169 234 36 176 0
0 63 127 267 121 203 39 179 109 249 20 160 122 261 8 148 59 199 67 262 207 0
0 139 83 223 95 86 279 135 125 226 132 71 51 191 235 55 195 28 168 92 232 124 1 141 272 18 158 6 146 98 19 159 16 156 265 238 264 211 275 0
0 116 47 187 17 157 70 102 134 75 130 270 49 189 242 215 140 50 190 93 233 66 210 26 166 4 144 206 53 193 256 280 274 0
0 110 76 137 105 245 72 90 7 147 33 173 114 54 194 69 254 65 230 119 216 250 205 12 152 277 259 209 212 9 149 48 188 0
0 89 35 175 123 21 161 77 229 97 112 263 217 99 14 154 104 239 252 2 142 37 177 27 167 237 60 200 244 0
1565.0811997508758
---> edu.hust.soict.cbls.algorithm.cbls.Greedy Runtime: 589
0 89 6 146 130 75 270 49 189 100 93 233 96 215 107 240 10 150 22 162 236 24 164 247 229 36 176 0
0 11 151 56 196 123 78 20 160 122 37 177 129 73 67 262 218 207 263 53 193 269 55 195 30 170 213 0
0 82 47 187 94 108 222 8 148 120 115 91 248 32 172 260 16 156 231 255 234 0
0 77 103 217 40 180 99 111 126 57 197 74 5 145 251 88 41 181 243 26 166 87 239 13 153 228 109 249 227 266 214 0
0 63 25 165 42 182 68 203 208 81 64 128 38 178 106 131 204 246 268 271 61 201 221 0
0 110 127 267 23 163 62 202 112 33 173 3 143 250 119 252 27 167 2 142 259 9 149 48 188 0
0 118 136 35 175 137 113 253 258 72 34 174 114 50 190 59 199 80 254 65 276 205 45 185 277 212 60 200 220 0
0 139 95 86 279 84 135 125 101 224 226 132 71 241 235 14 154 39 179 58 198 28 168 92 232 76 124 43 183 272 18 158 216 98 12 152 265 238 264 211 275 0
0 116 44 184 54 194 21 161 29 169 70 102 121 134 105 245 90 242 140 66 210 69 230 17 157 4 144 261 206 51 191 256 209 19 159 280 274 0
0 83 97 223 138 85 133 117 31 171 257 15 155 1 141 79 46 186 7 147 225 219 52 192 104 237 273 244 278 0
1603.929075150164
---> edu.hust.soict.cbls.algorithm.cbls.Greedy Runtime: 682
0 123 78 122 34 174 67 262 218 85 207 263 57 197 225 39 179 48 188 0
0 116 77 16 156 22 162 70 102 109 249 49 189 242 140 66 93 233 210 69 26 166 129 10 150 4 144 7 147 9 149 91 206 217 40 180 269 256 231 209 60 200 280 0
0 118 121 56 196 92 232 137 46 186 261 258 72 90 111 117 115 251 114 50 190 254 65 94 230 257 15 155 205 12 152 277 212 255 234 0
0 11 151 2 142 82 84 43 183 18 158 30 170 134 105 108 245 222 8 148 120 73 248 224 260 213 274 0
0 139 95 279 135 235 113 253 101 125 132 241 71 51 191 38 178 127 267 76 124 23 163 44 184 17 157 20 160 272 28 168 216 98 265 238 21 161 264 211 275 0
0 83 86 226 62 223 202 112 53 193 119 37 177 41 181 252 27 167 13 153 58 198 259 19 159 0
0 25 165 68 208 81 64 128 45 185 106 131 52 192 204 246 268 271 61 201 221 0
0 110 97 138 103 33 173 133 243 3 143 47 187 42 182 79 219 104 237 250 273 244 278 0
0 63 29 169 136 35 175 1 141 99 126 14 154 74 88 87 239 80 59 199 54 194 55 195 228 227 276 203 266 214 220 0
0 89 6 146 130 75 270 100 96 215 31 171 5 145 107 240 32 172 236 24 164 247 229 36 176 0
1543.868860444977
