---> edu.hust.soict.cbls.algorithm.ga.GASolver Runtime: 2845
0 23 29 28 73 4 54 34 79 84 42 78 43 93 46 96 50 1 51 100 92 0
0 14 64 18 68 19 69 22 45 95 6 56 44 5 55 36 30 94 86 24 80 72 74 0
0 27 37 16 66 11 61 48 40 20 70 35 33 98 87 85 77 83 90 0
0 38 32 3 53 47 2 52 12 62 13 63 82 88 7 57 9 59 97 0
0 21 49 41 39 31 26 10 60 76 15 65 25 71 89 75 17 67 91 8 58 99 81 0
9089.972105379404
---> edu.hust.soict.cbls.algorithm.ga.GASolver Runtime: 3027
0 23 29 28 73 10 60 34 79 84 42 78 43 93 46 96 50 1 51 100 92 0
0 14 64 2 52 3 53 22 45 95 6 56 44 19 69 36 30 94 86 24 80 72 74 0
0 27 32 20 70 9 59 48 40 17 67 35 82 33 98 85 77 83 90 0
0 38 37 16 66 47 11 61 5 55 13 63 87 88 7 57 4 54 97 0
0 21 49 41 39 31 26 18 68 76 15 65 25 71 89 75 12 62 91 8 58 99 81 0
8935.6587197199
---> edu.hust.soict.cbls.algorithm.ga.GASolver Runtime: 1273
0 6 56 9 59 16 66 10 60 25 32 2 52 14 64 18 68 35 75 85 82 0
0 31 13 63 19 69 41 40 38 34 1 51 88 90 44 81 46 91 94 84 96 0
0 23 50 49 99 48 45 43 98 39 93 36 17 67 27 100 11 61 86 73 89 77 95 0
0 28 26 37 87 33 5 55 20 70 30 7 57 83 80 29 76 79 78 0
0 21 47 97 42 24 92 74 22 71 3 53 8 58 4 54 15 65 12 62 72 0
9808.880273694402
---> edu.hust.soict.cbls.algorithm.ga.GASolver Runtime: 1487
0 24 31 28 78 12 62 37 81 44 87 47 8 58 74 50 94 29 79 97 100 0
0 23 46 41 91 39 38 88 89 5 55 35 32 96 82 10 60 73 85 15 65 0
0 26 42 34 84 3 53 33 92 27 9 59 2 52 1 51 14 64 77 83 76 0
0 25 49 19 69 4 54 18 68 7 57 11 61 40 90 30 80 99 17 67 75 0
0 21 48 13 63 45 43 36 22 95 6 56 98 86 93 20 70 71 16 66 72 0
9526.757191960822
---> edu.hust.soict.cbls.algorithm.ga.GASolver Runtime: 1047
0 23 32 30 82 34 80 8 58 39 73 40 84 45 13 63 89 17 67 95 90 0
0 24 48 49 38 88 9 59 33 27 99 77 98 74 18 68 83 4 54 15 65 0
0 21 43 41 36 7 57 31 81 28 50 86 22 72 93 3 53 71 100 78 91 0
0 29 42 35 85 46 47 97 6 56 44 92 37 79 94 96 87 10 60 0
0 25 26 1 51 11 61 20 70 14 64 76 2 52 12 62 5 55 19 69 16 66 75 0
8836.752391693808
---> edu.hust.soict.cbls.algorithm.ga.GASolver Runtime: 2982
0 23 29 28 73 32 3 53 82 34 79 84 42 78 43 93 46 96 50 16 66 100 92 0
0 11 61 5 55 15 65 22 45 95 8 58 44 19 69 36 30 94 86 24 80 72 74 0
0 27 37 4 54 6 56 48 40 20 70 35 33 87 98 85 77 83 90 0
0 38 1 51 47 10 60 7 57 13 63 88 12 62 9 59 97 0
0 21 49 41 39 31 26 14 64 76 2 52 25 71 89 75 17 67 91 18 68 99 81 0
8862.826669537932
---> edu.hust.soict.cbls.algorithm.ga.GASolver Runtime: 1332
0 24 33 31 81 2 52 83 46 47 11 61 6 56 96 74 97 37 13 63 87 0
0 21 4 54 8 58 42 35 28 27 77 48 92 78 9 59 18 68 85 71 98 0
0 23 50 12 62 44 94 40 36 29 90 79 73 17 67 86 15 65 5 55 100 0
0 14 64 25 43 39 89 3 53 30 93 1 51 75 19 69 80 16 66 20 70 0
0 22 32 26 49 76 38 45 95 41 7 57 10 60 34 82 84 91 72 99 88 0
9371.049259381693
---> edu.hust.soict.cbls.algorithm.ga.GASolver Runtime: 2977
0 23 29 28 73 32 3 53 82 34 79 84 42 78 43 93 46 96 50 13 63 100 92 0
0 16 66 20 70 11 61 22 45 95 8 58 44 19 69 36 30 94 86 24 80 72 74 0
0 27 37 2 52 6 56 48 40 5 55 35 87 33 98 85 77 83 90 0
0 38 7 57 47 1 51 9 59 17 67 88 10 60 18 68 97 0
0 21 49 41 39 31 26 14 64 76 15 65 25 71 89 75 12 62 91 4 54 99 81 0
8904.205583185256
---> edu.hust.soict.cbls.algorithm.ga.GASolver Runtime: 3198
0 23 29 28 73 10 60 34 79 84 42 78 43 93 46 96 50 13 63 100 92 0
0 5 55 18 68 15 65 22 45 95 6 56 44 14 64 36 94 86 24 72 74 0
0 27 30 37 2 52 12 62 48 40 20 70 87 35 33 98 85 77 80 83 90 0
0 38 32 3 53 47 1 51 4 54 7 57 82 88 11 61 9 59 97 0
0 21 49 41 39 31 26 19 69 76 16 66 25 71 89 75 17 67 91 8 58 99 81 0
8596.657138305245
---> edu.hust.soict.cbls.algorithm.ga.GASolver Runtime: 3031
0 23 29 28 73 5 55 34 79 42 84 32 78 43 93 92 50 7 57 100 82 0
0 16 66 3 53 11 61 22 45 95 6 56 44 18 68 36 30 94 86 80 72 0
0 27 24 37 19 69 2 52 48 74 40 12 62 35 87 33 98 85 77 83 90 0
0 38 26 46 4 54 47 1 51 10 60 13 63 88 20 70 9 59 97 76 96 0
0 21 49 41 39 31 14 64 15 65 25 71 89 75 17 67 91 8 58 99 81 0
8358.530810596081
---> edu.hust.soict.cbls.algorithm.cbls.LocalSearch Runtime: 26869
0 26 49 8 58 76 23 36 99 44 94 73 28 17 67 16 66 14 64 86 2 52 78 0
0 47 48 43 22 72 34 24 1 51 11 61 5 55 98 74 97 15 65 84 93 0
0 46 37 32 96 29 40 82 87 33 30 83 90 80 45 95 6 56 19 69 79 7 57 0
0 25 20 70 31 35 42 27 75 81 9 59 92 41 77 91 85 13 63 0
0 38 4 54 39 18 68 50 89 12 62 3 53 21 100 88 71 10 60 0
5539.234224316009
---> edu.hust.soict.cbls.algorithm.cbls.LocalSearch Runtime: 15867
0 46 26 11 61 48 8 58 98 76 23 96 44 28 73 94 36 17 67 14 64 86 2 52 78 0
0 20 70 31 9 59 42 35 27 81 29 19 69 79 92 77 85 13 63 0
0 37 32 25 40 75 82 87 33 30 83 90 80 43 45 95 6 56 7 57 93 0
0 1 51 47 22 72 41 24 34 91 16 66 84 5 55 74 97 15 65 0
0 49 38 4 54 39 18 68 50 99 89 12 62 3 53 21 100 88 71 10 60 0
5633.935109105811
---> edu.hust.soict.cbls.algorithm.cbls.LocalSearch Runtime: 12740
0 48 16 66 34 22 72 43 6 56 19 69 98 7 57 84 93 0
0 38 24 8 58 39 18 68 74 28 89 17 67 5 55 15 65 78 88 21 71 0
0 26 20 70 31 9 59 49 42 35 27 81 99 76 92 77 85 13 63 0
0 47 11 61 46 14 64 23 96 29 44 73 94 36 97 50 79 41 86 91 1 51 100 10 60 0
0 37 25 12 62 32 40 75 3 53 82 87 33 30 83 80 45 95 90 4 54 2 52 0
5682.118928785386
---> edu.hust.soict.cbls.algorithm.cbls.LocalSearch Runtime: 15023
0 34 41 13 63 26 91 16 66 11 61 84 35 76 19 69 85 1 51 0
0 14 64 38 8 58 39 18 68 50 44 94 89 17 67 88 100 21 71 10 60 0
0 46 37 32 25 12 62 96 40 75 20 70 82 87 33 30 83 90 80 45 95 4 54 15 65 0
0 47 48 22 72 43 6 56 24 49 74 97 99 29 98 79 7 57 93 0
0 3 53 31 9 59 23 42 81 73 28 36 27 5 55 92 77 86 2 52 78 0
5434.739106405046
---> edu.hust.soict.cbls.algorithm.cbls.LocalSearch Runtime: 19187
0 25 9 59 15 65 12 62 32 75 40 82 30 11 61 80 90 0
0 3 53 31 14 64 23 44 36 28 81 73 94 29 19 69 86 79 7 57 78 0
0 4 54 49 24 2 52 26 42 76 99 27 35 5 55 74 92 41 77 91 85 16 66 0
0 46 37 8 58 39 18 68 50 96 89 17 67 38 13 63 21 100 88 87 71 10 60 0
0 1 51 20 70 33 47 83 43 45 95 22 72 48 34 6 56 98 97 84 93 0
5621.397964649889
---> edu.hust.soict.cbls.algorithm.cbls.LocalSearch Runtime: 21484
0 14 64 29 19 69 39 79 8 58 28 89 20 70 11 61 1 51 78 0
0 48 43 45 95 22 72 6 56 34 24 38 74 98 7 57 10 60 84 88 93 0
0 32 37 25 35 40 27 75 17 67 85 13 63 21 33 71 87 82 30 83 90 80 77 2 52 0
0 46 26 31 9 59 18 68 15 65 5 55 49 42 96 81 99 76 92 0
0 47 4 54 23 44 73 94 36 97 50 41 86 91 16 66 12 62 3 53 100 0
5561.364657349609
---> edu.hust.soict.cbls.algorithm.cbls.LocalSearch Runtime: 12875
0 13 63 11 61 34 16 66 84 35 27 19 69 41 77 85 91 1 51 0
0 26 3 53 31 9 59 76 23 42 29 44 81 73 94 36 5 55 79 92 86 2 52 0
0 46 37 32 25 12 62 96 40 75 20 70 82 87 33 30 83 90 80 45 95 4 54 15 65 0
0 47 43 22 72 48 6 56 24 49 98 74 97 99 7 57 93 0
0 14 64 38 8 58 39 18 68 50 28 89 17 67 78 88 100 21 71 10 60 0
5458.096353744939
---> edu.hust.soict.cbls.algorithm.cbls.LocalSearch Runtime: 20608
0 14 64 41 8 58 39 18 68 50 89 35 20 70 100 11 61 85 91 1 51 0
0 47 4 54 29 44 94 28 36 97 79 86 16 66 78 3 53 12 62 0
0 46 26 31 9 59 15 65 5 55 49 23 19 69 42 96 81 73 99 76 92 0
0 32 37 25 27 40 75 17 67 13 63 21 33 71 87 82 30 83 90 80 77 2 52 0
0 48 43 45 95 22 72 34 38 24 6 56 74 98 7 57 10 60 84 88 93 0
5485.2459347905115
---> edu.hust.soict.cbls.algorithm.cbls.LocalSearch Runtime: 12505
0 37 32 25 9 59 15 65 12 62 75 40 82 87 30 11 61 90 80 0
0 46 3 53 31 14 64 19 69 23 96 29 44 81 73 94 36 86 79 7 57 0
0 1 51 20 70 33 47 83 43 45 95 22 72 48 34 24 6 56 74 98 97 84 93 0
0 4 54 49 2 52 26 42 27 35 5 55 99 76 92 41 77 91 85 16 66 0
0 8 58 39 18 68 50 28 89 17 67 38 13 63 88 78 100 21 71 10 60 0
5744.791600123719
---> edu.hust.soict.cbls.algorithm.cbls.LocalSearch Runtime: 15648
0 19 69 41 91 8 58 23 29 44 73 94 17 67 16 66 14 64 79 2 52 0
0 38 4 54 39 18 68 50 28 89 12 62 3 53 21 100 78 88 71 10 60 0
0 1 51 30 11 61 46 26 47 80 48 34 24 76 96 84 5 55 98 74 97 15 65 0
0 37 32 25 40 75 82 87 33 83 22 72 90 43 45 95 6 56 7 57 93 0
0 20 70 31 9 59 49 42 35 27 81 36 99 92 86 77 85 13 63 0
5703.651547663172
---> edu.hust.soict.cbls.algorithm.cbls.Greedy Runtime: 37
0 26 1 51 11 61 42 29 5 55 92 79 39 8 58 76 89 17 67 0
0 30 47 80 43 48 4 54 34 24 16 66 14 64 98 18 68 74 97 84 93 0
0 37 32 13 63 21 33 71 87 82 40 12 62 83 90 45 95 22 72 6 56 19 69 0
0 46 25 38 49 23 50 44 99 94 73 75 96 7 57 88 20 70 3 53 100 0
0 31 10 60 35 27 81 28 36 15 65 9 59 41 86 77 91 85 2 52 78 0
6041.440855942282
---> edu.hust.soict.cbls.algorithm.cbls.Greedy Runtime: 42
0 46 49 96 23 50 99 44 94 73 5 55 18 68 7 57 20 70 100 11 61 0
0 26 25 42 29 19 69 38 8 58 92 79 39 76 75 89 17 67 1 51 88 12 62 0
0 37 32 13 63 21 33 71 87 82 40 83 90 45 95 22 72 6 56 16 66 0
0 30 47 80 43 48 4 54 15 65 34 24 14 64 98 74 97 84 93 0
0 3 53 31 10 60 35 27 81 28 36 9 59 41 86 77 91 85 2 52 78 0
5912.717281964988
---> edu.hust.soict.cbls.algorithm.cbls.Greedy Runtime: 41
0 30 47 80 43 4 54 41 91 34 16 66 14 64 97 15 65 84 93 0
0 46 25 20 70 49 23 50 99 44 94 73 75 96 5 55 7 57 100 11 61 0
0 37 32 38 2 52 3 53 21 33 71 87 82 88 9 59 83 45 95 22 72 0
0 13 63 31 12 62 35 40 27 81 28 36 19 69 86 77 90 85 1 51 78 0
0 26 10 60 42 29 48 6 56 24 8 58 92 79 39 18 68 98 74 76 89 17 67 0
5864.23561115928
---> edu.hust.soict.cbls.algorithm.cbls.Greedy Runtime: 45
0 3 53 31 35 81 28 36 20 70 9 59 18 68 41 86 91 85 2 52 78 0
0 46 14 64 23 15 65 4 54 50 44 94 73 40 27 96 77 90 100 0
0 37 32 6 56 13 63 21 33 71 87 82 12 62 83 45 95 22 72 11 61 0
0 26 25 42 29 19 69 38 92 79 39 7 57 10 60 5 55 76 75 89 88 0
0 1 51 30 47 80 43 48 34 24 49 8 58 98 74 97 99 17 67 84 93 16 66 0
5968.204535859776
---> edu.hust.soict.cbls.algorithm.cbls.Greedy Runtime: 36
0 14 64 38 37 88 3 53 21 33 71 87 9 59 83 22 72 0
0 46 32 49 23 50 99 44 94 73 96 5 55 7 57 82 20 70 100 11 61 0
0 1 51 30 47 80 43 45 95 48 34 24 8 58 98 74 19 69 97 17 67 84 12 62 93 0
0 6 56 13 63 31 10 60 35 27 81 28 36 41 86 77 91 85 2 52 78 0
0 16 66 26 25 42 29 92 79 39 18 68 76 75 89 40 90 4 54 15 65 0
5888.83757135217
---> edu.hust.soict.cbls.algorithm.cbls.Greedy Runtime: 39
0 46 49 96 23 50 99 44 94 73 5 55 18 68 7 57 20 70 100 11 61 0
0 37 32 13 63 21 33 71 87 82 40 83 90 45 95 22 72 6 56 16 66 0
0 26 25 42 29 19 69 38 8 58 92 79 39 76 75 89 17 67 1 51 88 12 62 0
0 3 53 31 10 60 35 27 81 28 36 9 59 41 86 77 91 85 2 52 78 0
0 30 47 80 43 48 4 54 15 65 34 24 14 64 98 74 97 84 93 0
5912.717281964988
---> edu.hust.soict.cbls.algorithm.cbls.Greedy Runtime: 40
0 46 49 96 23 50 99 44 94 73 5 55 18 68 7 57 20 70 100 11 61 0
0 26 25 42 29 19 69 38 8 58 92 79 39 76 75 89 17 67 1 51 88 12 62 0
0 37 32 13 63 21 33 71 87 82 40 83 90 45 95 22 72 6 56 16 66 0
0 30 47 80 43 48 4 54 15 65 34 24 14 64 98 74 97 84 93 0
0 3 53 31 10 60 35 27 81 28 36 9 59 41 86 77 91 85 2 52 78 0
5912.717281964988
---> edu.hust.soict.cbls.algorithm.cbls.Greedy Runtime: 41
0 26 11 61 42 29 6 56 92 79 39 18 68 8 58 76 89 17 67 0
0 37 32 38 2 52 21 33 71 87 82 88 9 59 16 66 83 45 95 22 72 0
0 13 63 31 10 60 35 40 27 81 28 36 5 55 41 86 77 90 91 85 1 51 78 0
0 20 70 30 47 80 43 48 4 54 15 65 34 24 14 64 98 74 97 84 93 0
0 46 25 3 53 12 62 49 23 50 44 99 94 73 75 96 19 69 7 57 100 0
5936.710953289191
---> edu.hust.soict.cbls.algorithm.cbls.Greedy Runtime: 44
0 46 49 96 23 50 99 44 94 73 5 55 18 68 7 57 20 70 100 11 61 0
0 3 53 31 10 60 35 27 81 28 36 9 59 41 86 77 91 85 2 52 78 0
0 26 25 42 29 19 69 38 8 58 92 79 39 76 75 89 17 67 1 51 88 12 62 0
0 30 47 80 43 48 4 54 15 65 34 24 14 64 98 74 97 84 93 0
0 37 32 13 63 21 33 71 87 82 40 83 90 45 95 22 72 6 56 16 66 0
5912.717281964988
---> edu.hust.soict.cbls.algorithm.cbls.Greedy Runtime: 39
0 14 64 38 37 88 3 53 21 33 71 87 9 59 83 22 72 0
0 6 56 13 63 31 10 60 35 27 81 28 36 41 86 77 91 85 2 52 78 0
0 1 51 30 47 80 43 45 95 48 34 24 8 58 98 74 19 69 97 17 67 84 12 62 93 0
0 16 66 26 25 42 29 92 79 39 18 68 76 75 89 40 90 4 54 15 65 0
0 46 32 49 23 50 44 99 94 73 96 5 55 7 57 82 20 70 100 11 61 0
5888.83757135217
