---> edu.hust.soict.cbls.algorithm.ga.GASolver Runtime: 14009
0 5 225 26 246 82 302 18 238 120 127 340 153 373 157 347 159 86 306 379 165 377 1 221 168 388 31 251 185 73 293 385 188 43 263 67 287 33 253 408 203 405 218 438 423 0
0 136 124 117 344 41 261 142 45 265 356 144 337 148 156 376 167 368 7 227 36 256 206 21 241 98 318 178 426 364 198 362 207 24 244 398 66 286 214 418 215 387 434 435 427 0
0 130 134 354 140 350 172 360 175 395 179 39 259 392 47 267 19 239 180 399 187 69 289 407 196 10 230 96 316 42 262 79 299 400 201 416 209 92 312 421 216 429 217 437 436 0
0 131 25 245 62 282 351 138 9 229 53 273 14 234 94 314 90 310 22 242 358 146 63 283 366 50 270 189 409 220 40 260 76 296 64 284 202 440 422 191 44 264 411 91 311 213 433 0
0 106 70 290 128 125 119 345 65 285 118 338 6 226 116 348 139 336 108 359 149 339 154 99 319 374 326 48 268 80 300 328 173 369 176 396 194 20 240 2 222 75 295 414 212 432 393 0
0 71 291 105 109 325 129 27 247 329 132 352 143 32 252 349 150 370 57 277 174 363 181 401 184 183 404 403 190 410 169 192 394 197 85 305 389 417 160 412 147 380 367 0
0 102 12 232 113 3 223 8 228 104 30 250 333 122 322 55 275 141 324 13 233 11 231 163 361 170 342 182 383 199 72 292 84 304 402 211 390 59 279 88 308 419 431 0
0 110 162 52 272 74 294 133 23 243 49 269 56 276 111 100 320 353 186 382 195 193 415 406 58 278 204 37 257 77 297 68 288 93 313 330 219 439 29 249 38 258 424 331 413 16 236 0
0 101 51 271 137 357 155 321 107 34 254 327 375 123 87 307 343 54 274 152 89 309 372 17 237 83 303 164 384 171 391 210 95 315 205 46 266 28 248 81 301 97 317 425 430 0
0 112 166 161 158 151 381 200 371 208 15 235 420 177 378 145 4 224 60 280 365 103 397 428 135 126 355 35 255 61 281 78 298 386 121 115 335 114 332 341 346 334 323 0
22377.01968689371
---> edu.hust.soict.cbls.algorithm.ga.GASolver Runtime: 11909
0 131 138 351 77 297 45 265 358 151 90 310 371 94 314 166 386 176 396 183 403 190 34 254 410 200 15 235 35 255 205 420 206 426 208 19 239 425 219 439 428 37 257 63 283 0
0 104 136 124 120 340 142 140 344 144 24 244 360 364 149 324 158 378 47 267 179 2 222 59 279 83 303 169 399 180 356 186 406 191 389 201 411 100 320 362 369 97 317 400 421 0
0 102 3 223 18 238 86 306 49 269 7 227 46 266 106 84 304 326 17 237 69 289 107 322 130 350 157 327 170 390 9 229 56 276 1 221 178 398 33 253 192 377 212 412 432 0
0 111 331 141 361 67 287 152 372 48 268 153 87 307 373 44 264 164 384 31 251 167 16 236 387 171 51 271 4 224 391 174 394 182 177 397 52 272 39 259 402 198 418 213 433 0
0 108 121 116 113 336 123 333 129 343 43 263 133 5 225 71 291 349 11 231 62 282 134 353 146 328 98 318 148 354 20 240 159 366 168 368 173 341 189 379 409 393 88 308 388 0
0 105 109 329 128 10 230 64 284 348 139 42 262 359 29 249 74 294 54 274 156 99 319 325 175 376 187 395 79 299 26 246 188 407 193 408 12 232 207 427 211 431 195 415 413 0
0 32 252 85 305 202 13 233 80 300 66 286 122 342 68 288 25 245 28 248 93 313 72 292 57 277 145 215 422 160 365 38 258 81 301 196 380 204 92 312 424 210 430 216 436 435 416 0
0 30 250 103 8 228 89 309 70 290 50 270 23 243 53 273 82 302 197 76 296 194 414 184 172 126 14 234 95 315 40 260 78 298 75 295 346 217 437 220 404 440 41 261 323 392 417 0
0 61 281 114 118 338 73 293 27 247 119 339 147 367 150 334 58 278 36 256 161 22 242 370 162 382 185 405 203 423 55 275 91 311 214 381 218 434 132 352 112 438 332 0
0 60 280 101 6 226 137 135 127 347 21 241 96 316 125 117 115 65 285 345 110 355 154 321 155 374 165 357 181 385 199 375 209 330 163 401 143 429 419 383 337 335 363 0
22176.20390050029
---> edu.hust.soict.cbls.algorithm.ga.GASolver Runtime: 10687
0 109 116 60 280 34 254 35 255 78 298 52 272 329 135 336 139 355 3 223 94 314 164 384 167 359 171 387 91 311 178 398 184 48 268 404 204 391 93 313 205 36 256 424 213 433 425 0
0 114 147 144 134 364 152 85 305 367 155 43 263 354 55 275 130 372 115 375 162 350 168 335 7 227 39 259 174 334 1 221 44 264 196 388 197 416 211 382 417 394 12 232 431 0
0 120 17 237 67 287 122 50 270 342 125 345 126 340 128 348 157 346 25 245 27 247 158 24 244 92 312 378 172 377 57 277 183 19 239 392 40 260 206 403 5 225 209 426 29 249 429 0
0 99 319 105 325 108 328 118 338 131 351 72 292 97 317 137 357 146 61 281 82 302 366 153 33 253 373 159 11 231 76 296 379 161 381 188 62 282 83 303 408 86 306 215 192 435 412 0
0 107 6 226 73 293 88 308 75 295 58 278 15 235 117 113 112 327 132 332 149 352 176 32 252 337 194 42 262 369 201 414 202 421 207 422 4 224 333 37 257 427 396 0
0 21 241 63 283 101 47 267 110 330 119 339 123 321 124 343 145 8 228 38 258 344 150 365 154 370 179 399 186 406 190 410 53 273 193 31 251 10 230 413 210 374 219 439 56 276 430 0
0 102 142 104 49 269 362 160 324 165 322 46 266 166 385 169 389 185 380 170 66 286 386 173 390 200 405 216 79 299 90 310 420 18 238 203 393 436 423 84 304 16 236 0
0 23 243 41 261 68 288 9 229 64 284 121 175 156 140 136 360 129 376 182 26 246 356 2 222 59 279 191 349 208 341 177 212 395 13 233 217 428 432 397 437 402 411 0
0 106 45 265 138 95 315 326 70 290 180 358 181 400 189 20 240 77 297 87 307 100 320 54 274 409 30 250 71 291 218 401 220 438 103 440 163 22 242 89 309 383 323 0
0 111 51 271 148 81 301 143 141 133 368 14 234 151 96 316 65 285 363 195 187 407 199 353 198 361 214 418 98 318 371 28 248 127 415 434 419 69 289 74 294 80 300 347 331 0
22302.577239394246
---> edu.hust.soict.cbls.algorithm.ga.GASolver Runtime: 8617
0 73 293 105 6 226 118 7 227 325 146 338 149 40 260 50 270 369 150 35 255 22 242 366 370 169 42 262 389 79 299 183 403 187 407 93 313 55 275 193 17 237 413 195 415 0
0 30 250 107 142 134 128 114 348 354 144 49 269 362 63 283 153 327 155 364 19 239 51 271 156 376 36 256 168 334 197 417 202 13 233 375 206 422 45 265 209 373 388 70 290 429 426 0
0 123 47 267 92 312 133 82 302 353 57 277 139 87 307 343 76 296 28 248 162 382 5 225 180 359 181 400 14 234 86 306 16 236 94 314 188 39 259 408 401 0
0 101 321 119 53 273 61 281 111 339 331 131 351 177 138 397 358 71 291 64 284 185 8 228 405 186 62 282 406 198 418 21 241 210 80 300 430 218 438 171 391 0
0 112 145 124 117 337 113 365 147 367 174 78 298 333 175 332 3 223 77 297 176 88 308 394 178 398 189 2 222 48 268 396 31 251 99 319 217 409 220 440 344 38 258 89 309 395 437 0
0 126 129 346 148 368 34 254 27 247 163 41 261 24 244 91 311 383 164 384 59 279 172 23 243 56 276 54 274 392 166 81 301 349 46 266 100 320 190 386 204 410 208 424 33 253 428 0
0 102 160 159 68 288 379 127 32 252 380 60 280 161 74 294 347 37 257 58 278 381 182 26 246 97 317 322 196 402 416 65 285 96 316 201 98 318 199 4 224 44 264 52 272 421 419 0
0 90 310 103 135 130 125 12 232 121 9 229 355 136 356 137 350 140 341 141 357 67 287 152 372 167 29 249 361 173 323 203 393 207 85 305 387 214 427 360 423 434 345 15 235 72 292 0
0 106 115 335 122 342 20 240 132 352 143 326 212 432 213 25 245 363 170 390 66 286 200 433 18 238 215 420 219 84 304 439 179 69 289 399 158 378 435 11 231 0
0 104 151 120 116 10 230 110 109 329 154 1 221 374 157 336 108 324 165 328 184 95 315 385 191 377 192 340 194 404 205 425 211 412 216 411 83 303 436 431 75 295 43 263 371 330 414 0
22008.452998153633
---> edu.hust.soict.cbls.algorithm.ga.GASolver Runtime: 15287
0 5 225 65 285 82 302 18 238 120 127 340 153 373 157 347 159 86 306 379 165 377 1 221 168 388 26 246 185 45 265 385 188 34 254 67 287 57 277 408 203 405 218 438 423 0
0 136 124 117 344 58 278 142 79 299 356 144 337 148 156 376 167 368 7 227 38 258 206 77 297 98 318 178 426 364 198 362 207 94 314 398 43 263 214 418 215 387 434 435 427 0
0 130 134 354 140 350 172 360 175 395 179 80 300 392 37 257 39 259 180 399 187 69 289 407 196 61 281 90 310 42 262 56 276 400 201 416 209 92 312 421 216 429 217 437 436 0
0 131 63 283 62 282 351 138 9 229 21 241 46 266 20 240 36 256 22 242 358 146 11 231 366 96 316 189 409 220 14 234 8 228 72 292 202 440 422 191 47 267 411 19 239 213 433 0
0 106 35 255 128 125 119 345 97 317 118 338 6 226 116 348 139 336 108 359 339 154 99 319 374 326 32 252 41 261 328 173 177 176 396 194 23 243 76 296 84 304 414 212 397 432 393 0
0 17 237 105 109 325 129 74 294 329 132 352 143 4 224 349 150 370 73 293 174 363 181 401 184 183 404 403 190 410 169 192 394 197 54 274 417 160 380 147 389 412 367 0
0 102 66 286 113 3 223 2 222 104 27 247 333 122 322 68 288 141 324 13 233 25 245 163 361 170 342 182 383 199 30 250 12 232 402 211 390 59 279 88 308 419 431 0
0 110 162 52 272 83 303 133 44 264 49 269 89 309 111 85 305 353 186 382 195 193 415 406 31 251 204 40 260 50 270 55 275 93 313 330 219 439 24 244 60 280 424 331 413 16 236 0
0 101 51 271 137 357 155 321 107 10 230 327 375 123 87 307 343 33 253 152 75 295 372 71 291 29 249 164 384 171 391 210 95 315 205 15 235 28 248 81 301 53 273 425 430 0
0 112 166 161 158 151 381 200 371 208 91 311 420 149 378 145 48 268 100 320 365 103 369 428 135 126 355 70 290 64 284 78 298 386 121 115 335 323 114 332 341 346 334 0
22468.28113887089
---> edu.hust.soict.cbls.algorithm.ga.GASolver Runtime: 13146
0 109 111 331 122 88 308 329 77 297 153 342 174 3 223 78 298 373 17 237 98 318 178 22 242 40 260 398 180 400 12 232 16 236 196 416 79 299 203 423 204 394 220 424 440 0
0 56 276 112 37 257 183 48 268 137 52 272 25 245 38 258 90 310 131 2 222 332 4 224 187 91 311 185 62 282 33 253 405 218 357 36 256 68 288 93 313 351 407 403 438 0
0 106 117 1 221 34 254 15 235 326 120 340 18 238 124 344 140 63 283 337 144 360 150 370 155 364 82 302 81 301 164 375 23 243 192 412 205 384 212 95 315 60 280 432 425 0
0 115 335 126 346 127 347 138 358 47 267 142 65 285 362 61 281 148 368 158 378 186 179 72 292 406 74 294 399 194 414 199 419 200 420 163 14 234 383 156 376 116 336 211 431 0
0 103 157 152 149 99 319 369 24 244 128 323 166 377 177 70 290 100 320 31 251 386 191 397 201 87 307 411 202 372 151 209 348 71 291 421 195 371 143 363 125 422 415 345 429 0
0 104 324 130 350 134 45 265 30 250 86 306 146 366 154 354 20 240 161 381 11 231 85 305 374 176 396 189 19 239 208 409 210 428 216 436 75 295 57 277 51 271 66 286 430 0
0 101 107 53 273 73 293 327 121 102 341 132 321 139 32 252 43 263 352 94 314 162 382 169 322 172 359 173 389 26 246 7 227 184 404 206 393 214 434 219 439 392 426 0
0 105 135 35 255 29 249 123 114 108 325 133 355 39 259 8 228 136 343 328 147 356 167 170 367 67 287 50 270 182 334 171 387 175 395 197 42 262 391 213 417 215 390 435 353 433 402 0
0 110 113 330 118 21 241 338 119 55 275 339 92 312 160 96 316 333 165 380 13 233 181 401 27 247 59 279 190 9 229 89 309 410 217 385 5 225 198 418 129 437 349 0
0 49 269 159 69 289 145 141 365 168 58 278 28 248 188 41 261 361 80 300 193 10 230 54 274 97 317 408 388 44 264 83 303 46 266 76 296 6 226 84 304 207 413 379 64 284 427 0
21956.219540903898
---> edu.hust.soict.cbls.algorithm.ga.GASolver Runtime: 14887
0 5 225 26 246 97 317 18 238 120 127 340 153 373 157 347 159 86 306 379 165 377 1 221 168 388 58 278 185 45 265 385 188 60 280 27 247 34 254 408 203 405 218 438 423 0
0 136 124 117 344 43 263 142 73 293 356 144 337 148 156 376 167 368 7 227 36 256 206 2 222 98 318 178 426 364 198 362 207 29 249 398 53 273 214 418 215 387 434 435 427 0
0 130 134 354 140 350 172 360 175 395 179 39 259 392 32 252 82 302 180 399 187 85 305 407 196 4 224 96 316 42 262 56 276 400 201 416 209 92 312 421 216 429 217 437 436 0
0 131 25 245 62 282 351 138 9 229 61 281 15 235 76 296 90 310 52 272 358 146 79 299 366 50 270 189 409 220 100 320 44 264 64 284 202 440 422 191 10 230 411 38 258 213 433 0
0 106 35 255 128 125 119 345 55 275 118 338 41 261 116 348 139 336 108 359 149 339 154 99 319 374 326 21 241 80 300 328 173 369 176 396 194 37 257 20 240 13 233 414 212 432 393 0
0 71 291 105 109 325 129 47 267 329 132 352 143 67 287 349 150 370 63 283 174 363 181 401 184 183 404 403 190 410 169 192 394 197 54 274 417 160 412 147 380 389 367 0
0 102 66 286 113 57 277 94 314 104 91 311 333 122 322 65 285 141 324 84 304 46 266 163 361 170 342 182 383 199 30 250 77 297 402 211 390 59 279 88 308 419 431 0
0 110 162 22 242 72 292 133 48 268 49 269 74 294 111 14 234 353 186 382 195 193 415 406 31 251 204 40 260 69 289 68 288 93 313 330 219 439 24 244 19 239 424 331 413 16 236 0
0 101 51 271 137 357 155 321 107 12 232 327 375 123 87 307 343 33 253 152 75 295 372 17 237 28 248 164 384 171 391 210 95 315 205 11 231 89 309 81 301 6 226 425 430 0
0 112 166 161 158 151 381 200 371 208 3 223 420 177 378 145 23 243 8 228 365 103 428 135 397 126 355 70 290 83 303 78 298 323 386 121 115 335 114 332 341 346 334 0
22304.96304776702
---> edu.hust.soict.cbls.algorithm.ga.GASolver Runtime: 11799
0 109 111 331 122 88 308 329 77 297 153 342 174 90 310 78 298 373 3 223 50 270 178 74 294 40 260 398 180 400 12 232 16 236 196 416 79 299 203 423 204 394 220 424 440 0
0 56 276 112 80 300 183 86 306 137 17 237 25 245 38 258 37 257 131 94 314 332 62 282 187 52 272 185 4 224 48 268 405 218 357 36 256 68 288 63 283 351 407 403 438 0
0 106 117 1 221 34 254 89 309 326 120 340 18 238 124 344 140 76 296 337 144 360 150 370 155 364 33 253 41 261 164 375 47 267 192 412 205 384 212 67 287 69 289 432 425 0
0 115 335 126 346 127 347 138 358 70 290 142 28 248 362 7 227 148 368 158 378 186 179 29 249 406 92 312 399 194 414 199 419 200 420 163 14 234 383 156 376 116 336 211 431 0
0 103 157 152 149 10 230 369 85 305 128 323 166 377 177 32 252 100 320 44 264 386 191 397 201 87 307 411 202 372 151 209 348 11 231 371 195 421 143 422 125 363 345 415 429 0
0 104 324 130 350 134 2 222 75 295 81 301 146 366 154 354 9 229 161 381 60 280 23 243 374 176 396 189 59 279 208 409 210 428 216 436 22 242 27 247 61 281 66 286 430 0
0 101 107 53 273 93 313 327 121 102 341 132 321 139 31 251 43 263 352 45 265 162 382 169 322 172 359 173 389 26 246 13 233 184 404 206 393 214 434 219 439 392 426 0
0 105 135 35 255 8 228 123 114 108 325 133 355 15 235 95 315 136 343 328 147 356 167 170 367 20 240 65 285 182 334 171 387 175 395 197 57 277 391 213 417 215 390 435 353 433 402 0
0 110 113 330 118 21 241 338 119 71 291 339 19 239 160 30 250 333 165 380 39 259 181 401 97 317 91 311 190 51 271 54 274 410 217 385 5 225 198 418 129 437 349 0
0 49 269 159 55 275 145 141 365 168 58 278 73 293 188 42 262 361 98 318 193 99 319 96 316 82 302 408 388 24 244 83 303 46 266 72 292 6 226 84 304 207 413 379 64 284 427 0
22424.875119044624
---> edu.hust.soict.cbls.algorithm.ga.GASolver Runtime: 12462
0 19 239 115 120 335 126 17 237 46 266 346 135 355 136 340 142 362 155 95 315 375 94 314 156 356 5 225 58 278 68 288 76 296 157 376 179 399 184 377 190 404 209 429 91 311 410 0
0 117 3 223 146 123 49 269 92 312 52 272 154 15 235 337 165 26 246 343 167 385 172 53 273 38 258 366 182 65 285 177 387 183 403 199 374 204 419 402 45 265 60 280 392 397 424 99 319 0
0 103 131 10 230 323 132 352 140 351 145 365 152 73 293 81 301 360 160 372 163 380 171 391 12 232 50 270 11 231 77 297 18 238 51 271 97 317 188 408 202 422 383 0
0 25 245 109 329 134 354 70 290 153 373 159 43 263 35 255 379 174 28 248 30 250 72 292 394 212 56 276 66 286 185 405 207 432 427 33 253 62 282 27 247 214 40 260 434 217 437 0
0 118 149 64 284 139 138 359 176 396 161 369 194 37 257 381 127 414 71 291 197 338 59 279 206 78 298 358 426 9 229 417 83 303 6 226 82 302 80 300 347 0
0 101 107 327 144 364 84 304 147 79 299 321 148 368 193 22 242 29 249 8 228 90 310 69 289 178 398 413 196 367 74 294 200 416 24 244 218 438 220 420 440 0
0 98 318 87 307 44 264 61 281 102 119 114 339 122 334 13 233 125 345 130 342 111 322 150 34 254 4 224 370 191 350 192 331 201 412 208 421 100 320 210 430 216 411 436 428 0
0 108 189 186 173 162 88 308 393 198 382 141 418 41 261 203 406 211 54 274 361 128 409 2 222 42 262 213 47 267 89 309 348 116 433 219 431 55 275 336 113 333 36 256 439 423 328 0
0 104 105 324 124 344 137 325 63 283 143 363 85 305 164 357 169 384 181 401 32 252 75 295 187 389 205 425 96 316 67 287 16 236 215 407 151 371 435 14 234 0
0 106 57 277 133 23 243 93 313 129 121 7 227 48 268 21 241 112 341 110 332 158 353 166 330 168 388 170 386 20 240 175 1 221 378 195 39 259 180 31 251 415 390 86 306 349 400 326 395 0
22252.303154268277
---> edu.hust.soict.cbls.algorithm.ga.GASolver Runtime: 9663
0 109 115 335 127 347 47 267 128 348 144 364 145 67 287 329 149 365 369 172 176 396 36 256 189 392 192 74 294 90 310 409 193 412 201 31 251 421 210 46 266 413 25 245 430 0
0 40 260 82 302 111 87 307 158 157 134 132 3 223 352 182 377 207 331 208 354 117 64 284 428 169 402 378 151 371 171 389 211 391 187 220 427 105 431 440 337 325 407 0
0 116 131 336 56 276 140 360 38 258 84 304 141 361 142 351 147 7 227 367 153 373 154 362 175 49 269 55 275 395 177 374 194 414 196 27 247 416 216 397 205 425 436 0
0 101 321 61 281 122 14 234 342 124 110 2 222 88 308 330 344 133 21 241 11 231 89 309 353 167 387 174 92 312 35 255 51 271 394 23 243 218 191 85 305 411 438 219 439 0
0 104 136 100 320 135 355 59 279 121 34 254 16 236 356 139 341 146 359 68 288 94 314 114 324 168 388 334 366 41 261 188 8 228 98 318 73 293 190 202 410 422 19 239 30 250 408 0
0 53 273 4 224 20 240 123 86 306 130 343 148 96 316 350 152 79 299 57 277 17 237 372 173 368 183 403 60 280 95 315 52 272 18 238 5 225 393 29 249 83 303 75 295 33 253 0
0 113 137 37 257 125 357 1 221 39 259 138 358 91 311 24 244 50 270 150 345 58 278 159 379 160 380 162 382 178 333 184 54 274 404 197 370 200 420 204 93 313 398 43 263 424 417 0
0 107 181 126 28 248 120 112 13 233 71 291 77 297 327 10 230 81 301 164 401 195 332 166 384 170 415 42 262 198 418 206 340 213 433 212 346 426 432 386 65 285 390 0
0 108 118 328 119 339 129 338 161 78 298 97 317 381 45 265 12 232 9 229 165 349 179 399 180 22 242 400 185 44 264 385 26 246 203 423 209 99 319 405 217 437 429 0
0 6 226 66 286 69 289 63 283 102 199 186 163 419 156 376 155 375 143 70 290 106 48 268 326 214 383 103 323 15 235 72 292 62 282 215 322 32 252 434 435 406 363 76 296 80 300 0
22379.48820451287
---> edu.hust.soict.cbls.algorithm.cbls.LocalSearch Runtime: 317071
0 37 257 103 20 240 108 328 323 92 312 210 131 430 102 351 52 272 214 322 192 412 195 434 415 174 101 63 283 321 394 135 53 273 355 74 294 23 243 0
0 22 242 19 239 160 152 114 372 181 162 36 256 401 69 289 62 282 16 236 138 382 334 167 159 380 358 387 193 123 161 379 196 416 130 413 183 381 166 30 250 343 194 386 414 35 255 403 350 0
0 169 127 347 111 13 233 389 331 1 221 122 7 227 165 79 299 342 43 263 179 87 307 385 82 302 211 399 58 278 199 431 206 419 88 308 112 68 288 426 332 0
0 184 51 271 66 286 404 3 223 207 150 427 65 285 6 226 216 2 222 75 295 370 48 268 212 436 50 270 129 349 172 432 91 311 392 134 354 198 21 241 418 0
0 205 97 317 137 83 303 146 34 254 147 93 313 366 67 287 163 357 45 265 425 143 125 345 363 367 47 267 116 78 298 383 106 148 26 246 326 220 368 208 440 142 428 126 346 189 409 31 251 362 59 279 336 0
0 140 120 360 186 340 32 252 4 224 119 406 33 253 71 291 14 234 57 277 178 398 109 44 264 11 231 329 218 339 438 187 39 259 42 262 407 18 238 0
0 219 191 5 225 72 292 12 232 144 411 177 38 258 397 439 139 364 190 128 359 8 228 104 98 318 324 132 410 182 402 173 352 153 393 197 348 124 95 315 417 373 145 344 365 55 275 10 230 0
0 96 316 157 156 171 168 377 15 235 84 304 200 420 25 245 209 28 248 388 133 110 391 330 90 310 155 180 376 149 54 274 400 202 17 237 422 375 121 369 215 188 77 297 341 141 353 361 429 435 408 0
0 170 60 280 390 113 201 333 64 284 151 421 80 300 40 260 41 261 105 94 314 99 319 371 154 325 29 249 374 73 293 100 320 61 281 76 296 70 290 0
0 175 213 9 229 158 86 306 176 46 266 185 27 247 405 433 118 203 396 115 335 395 117 107 338 164 337 384 24 244 204 49 269 136 89 309 81 301 85 305 423 327 378 217 56 276 437 424 356 0
12157.388724376464
---> edu.hust.soict.cbls.algorithm.cbls.LocalSearch Runtime: 305334
0 58 278 43 263 131 19 239 151 351 41 261 132 371 159 379 94 314 27 247 18 238 20 240 173 352 2 222 197 393 124 417 75 295 194 414 344 134 354 67 287 0
0 40 260 113 150 333 181 77 297 105 401 168 101 325 69 289 321 116 28 248 209 388 155 370 57 277 112 375 6 226 148 368 189 409 36 256 332 93 313 35 255 142 362 336 24 244 136 429 91 311 356 0
0 103 156 323 50 270 218 79 299 376 48 268 118 338 107 438 196 416 172 392 327 128 167 16 236 8 228 387 123 25 245 348 66 286 30 250 343 82 302 23 243 0
0 205 68 288 92 312 425 157 169 377 137 61 281 85 305 389 357 109 31 251 329 163 96 316 383 179 13 233 100 320 71 291 14 234 399 0
0 184 191 111 213 175 60 280 331 411 207 176 7 227 433 201 404 87 307 70 290 76 296 421 126 346 187 427 395 121 396 203 153 26 246 373 185 44 264 405 177 341 214 407 74 294 125 345 397 423 32 252 434 0
0 140 120 360 219 340 22 242 119 439 138 15 235 212 84 304 432 192 412 339 10 230 97 317 358 200 420 42 262 204 11 231 424 39 259 21 241 0
0 170 47 267 86 306 171 390 73 293 53 273 144 46 266 186 364 5 225 391 406 211 180 63 283 400 106 202 326 80 300 422 199 206 419 182 402 431 215 52 272 426 435 0
0 37 257 143 54 274 72 292 149 210 152 216 430 372 115 102 335 117 3 223 436 9 229 65 285 322 49 269 129 161 349 193 337 413 188 369 381 64 284 90 310 99 319 89 309 17 237 363 408 0
0 29 249 122 146 38 258 366 198 55 275 418 1 221 104 324 178 398 220 342 133 62 282 353 165 440 166 88 308 385 78 298 81 301 135 386 145 365 12 232 355 34 254 0
0 147 98 318 183 208 162 114 45 265 428 160 4 224 95 315 110 403 330 382 367 139 190 154 334 83 303 380 108 328 359 158 195 130 410 164 374 141 59 279 384 361 127 174 378 51 271 33 253 394 350 415 217 347 56 276 437 0
12218.237172504701
---> edu.hust.soict.cbls.algorithm.cbls.LocalSearch Runtime: 306154
0 51 271 160 20 240 137 49 269 380 132 357 42 262 104 324 211 75 295 352 121 65 285 341 193 413 199 419 431 206 52 272 426 14 234 55 275 0
0 67 287 163 113 162 115 333 335 114 30 250 81 301 383 157 212 119 382 154 334 377 108 328 339 117 374 130 337 59 279 158 18 238 27 247 432 94 314 350 378 37 257 0
0 100 320 72 292 131 152 17 237 372 151 36 256 371 60 280 177 351 196 98 318 44 264 416 69 289 95 315 133 397 29 249 200 353 420 38 258 126 346 153 26 246 90 310 373 70 290 0
0 205 22 242 425 189 409 102 216 62 282 436 167 97 317 322 387 11 231 142 362 182 402 39 259 54 274 12 232 74 294 23 243 0
0 184 213 91 311 105 433 404 3 223 53 273 176 122 214 46 266 325 128 13 233 434 101 63 283 321 110 330 78 298 135 202 348 342 148 368 396 31 251 422 99 319 24 244 355 34 254 0
0 140 120 360 169 340 32 252 111 175 86 306 331 218 389 87 307 395 109 329 107 438 164 384 1 221 327 174 5 225 112 394 116 8 228 7 227 336 332 79 299 0
0 127 170 347 217 56 276 437 181 77 297 390 207 401 150 427 203 45 265 149 370 71 291 93 313 423 9 229 129 161 349 188 369 208 381 183 88 308 28 248 48 268 428 96 316 403 408 0
0 58 278 195 41 261 147 68 288 144 168 171 89 309 388 219 415 186 364 190 439 367 391 76 296 145 406 209 61 281 365 155 106 326 187 375 215 410 141 361 429 407 435 15 235 85 305 0
0 50 270 16 236 103 80 300 156 323 83 303 92 312 210 430 43 263 180 33 253 400 376 178 398 220 118 440 2 222 338 173 6 226 197 393 417 179 143 399 125 363 134 345 354 198 82 302 57 277 185 35 255 40 260 418 405 0
0 138 139 191 47 267 159 192 412 359 10 230 84 304 358 136 204 146 411 123 25 245 19 239 366 21 241 201 421 66 286 172 379 165 73 293 356 424 4 224 166 124 64 284 343 194 386 414 344 385 392 0
12289.925586808155
---> edu.hust.soict.cbls.algorithm.cbls.LocalSearch Runtime: 324050
0 116 97 317 49 269 336 213 171 433 201 421 80 300 219 391 138 439 190 51 271 84 304 358 7 227 128 91 311 410 6 226 100 320 90 310 348 189 409 31 251 93 313 0
0 4 224 170 217 184 32 252 437 147 207 176 390 105 404 115 396 335 107 427 203 62 282 18 238 325 127 327 423 134 367 347 354 209 141 429 361 69 289 0
0 83 303 204 168 46 266 21 241 424 156 22 242 388 169 76 296 376 44 264 218 389 178 398 126 346 109 329 165 438 164 384 73 293 179 399 385 35 255 75 295 135 57 277 112 58 278 332 53 273 136 355 34 254 356 0
0 140 360 125 345 13 233 120 340 186 92 312 48 268 406 119 212 50 270 339 192 412 89 309 23 243 117 96 316 66 286 337 129 349 59 279 195 432 16 236 415 47 267 0
0 63 283 160 43 263 12 232 144 380 74 294 198 40 260 418 364 139 191 111 154 359 86 306 331 411 214 200 374 104 98 318 434 324 172 161 420 188 183 381 28 248 403 392 408 0
0 185 405 150 162 30 250 382 56 276 211 180 370 110 330 5 225 155 400 202 375 142 422 431 199 206 419 77 297 362 68 288 426 14 234 55 275 0
0 103 175 137 323 205 1 221 38 258 425 357 118 395 208 173 36 256 338 79 299 81 301 393 26 246 19 239 428 220 187 440 52 272 182 402 215 3 223 24 244 407 435 15 235 27 247 0
0 8 228 193 25 245 152 151 113 114 372 333 181 2 222 41 261 401 132 371 334 108 328 167 159 387 379 130 413 352 121 65 285 341 123 54 274 71 291 87 307 343 82 302 350 0
0 60 280 29 249 122 146 11 231 366 133 37 257 20 240 353 196 416 94 314 342 88 308 149 33 253 106 17 237 10 230 326 197 39 259 417 148 368 166 369 153 45 265 373 386 145 365 70 290 67 287 0
0 143 157 210 131 216 430 102 85 305 351 163 99 319 177 42 262 322 377 9 229 158 436 101 397 174 378 363 78 298 72 292 394 61 281 383 321 124 95 315 64 284 194 414 344 0
12487.999985493174
---> edu.hust.soict.cbls.algorithm.cbls.LocalSearch Runtime: 313828
0 184 213 13 233 433 201 404 151 421 67 287 169 371 154 34 254 389 117 30 250 57 277 55 275 374 130 337 59 279 1 221 128 22 242 23 243 350 95 315 348 189 409 31 251 0
0 10 230 185 27 247 137 92 312 357 115 208 335 181 64 284 72 292 428 142 99 319 405 362 177 196 104 401 147 416 324 158 192 412 397 367 174 190 378 125 345 134 354 198 394 78 298 81 301 410 418 0
0 103 4 224 157 33 253 71 291 323 171 377 186 391 406 90 310 180 82 302 400 106 326 197 417 202 62 282 18 238 126 422 88 308 211 346 44 264 431 38 258 0
0 191 47 267 60 280 411 207 93 313 85 305 150 427 45 265 110 330 370 155 17 237 75 295 70 290 220 375 440 39 259 179 399 58 278 40 260 73 293 96 316 19 239 0
0 205 120 116 28 248 160 54 274 425 112 66 286 332 41 261 336 340 139 167 159 359 379 29 249 380 200 214 46 266 434 8 228 387 420 3 223 100 320 48 268 20 240 94 314 0
0 219 439 111 138 175 83 303 49 269 358 176 331 129 396 395 164 349 172 384 123 89 309 343 145 365 392 101 15 235 321 133 135 12 232 353 25 245 97 317 204 355 91 311 424 0
0 163 79 299 131 152 372 118 2 222 351 338 87 307 203 216 43 263 383 76 296 149 423 436 68 288 161 193 413 188 369 381 183 36 256 69 289 403 408 0
0 170 217 32 252 437 218 113 390 438 165 162 333 102 114 105 52 272 322 127 334 325 347 382 5 225 385 209 35 255 37 257 187 199 206 182 419 402 215 77 297 141 11 231 53 273 407 429 426 361 7 227 435 0
0 156 140 360 61 281 210 376 430 65 285 6 226 119 212 21 241 339 108 328 132 50 270 352 121 42 262 341 195 14 234 84 304 432 415 51 271 0
0 9 229 86 306 136 98 318 356 24 244 146 122 144 168 74 294 194 414 364 56 276 366 143 63 283 388 148 342 166 109 178 398 80 300 329 107 173 368 153 393 124 26 246 373 386 344 363 327 16 236 0
12238.917219285668
---> edu.hust.soict.cbls.algorithm.cbls.LocalSearch Runtime: 332201
0 205 58 278 210 425 430 151 105 73 293 67 287 371 50 270 128 325 132 61 281 352 173 30 250 393 124 95 315 344 145 365 185 348 189 409 2 222 88 308 133 20 240 353 405 1 221 16 236 0
0 184 217 56 276 437 114 181 404 31 251 41 261 147 401 171 192 412 127 334 101 367 347 391 212 209 110 330 78 298 135 21 241 86 306 11 231 182 402 42 262 355 429 432 14 234 321 57 277 17 237 0
0 22 242 152 115 335 208 372 428 40 260 201 150 421 80 300 4 224 370 180 112 54 274 400 109 329 64 284 197 417 149 369 77 297 10 230 142 362 94 314 126 346 44 264 332 0
0 140 169 360 8 228 137 91 311 389 93 313 357 196 416 79 299 27 247 18 238 165 38 258 385 33 253 71 291 13 233 0
0 116 84 304 46 266 70 290 162 45 265 160 43 263 382 139 138 60 280 336 359 108 328 358 136 380 214 200 204 34 254 434 68 288 420 87 307 85 305 356 424 0
0 198 170 47 267 418 123 69 289 343 52 272 176 390 177 113 333 102 396 203 26 246 66 286 423 397 190 167 97 317 322 387 410 195 98 318 158 415 378 51 271 0
0 191 111 5 225 12 232 49 269 122 411 104 331 324 163 178 398 179 342 153 39 259 383 373 55 275 15 235 106 202 326 166 422 65 285 193 413 6 226 81 301 194 386 414 82 302 399 0
0 120 219 37 257 24 244 83 303 144 146 7 227 25 245 76 296 35 255 366 186 154 364 439 340 32 252 75 295 119 406 28 248 211 143 339 129 164 374 349 384 161 130 431 188 183 381 36 256 350 363 403 408 0
0 103 53 273 323 213 159 9 229 433 207 379 59 279 218 96 316 427 118 338 107 438 3 223 172 89 309 23 243 327 174 392 125 394 134 345 354 63 283 99 319 0
0 156 29 249 168 92 312 48 268 100 320 157 155 388 90 310 376 131 148 216 220 19 239 436 377 175 351 206 199 395 117 440 368 187 375 121 215 419 141 337 341 426 407 361 74 294 72 292 62 282 435 0
12069.63899388316
---> edu.hust.soict.cbls.algorithm.cbls.LocalSearch Runtime: 306367
0 28 248 103 156 323 205 76 296 425 376 131 85 305 105 351 196 416 325 13 233 86 306 89 309 17 237 52 272 200 214 49 269 14 234 90 310 420 45 265 434 0
0 120 75 295 119 340 191 111 154 213 411 137 68 288 7 227 331 433 41 261 132 339 161 374 182 206 73 293 100 320 57 277 357 352 187 381 215 402 188 87 307 42 262 426 407 435 408 0
0 199 208 419 88 308 428 160 20 240 380 207 176 25 245 396 121 427 216 43 263 48 268 436 63 283 72 292 84 304 341 204 98 318 424 79 299 23 243 0
0 212 8 228 432 92 312 210 430 220 118 440 102 338 177 4 224 66 286 322 18 238 397 47 267 143 363 125 345 71 291 46 266 0
0 10 230 112 27 247 193 123 94 314 54 274 343 152 372 413 162 114 3 223 332 219 138 439 382 139 190 334 128 359 101 15 235 321 99 319 108 328 159 29 249 358 379 410 165 173 153 348 166 393 124 373 386 344 385 0
0 55 275 171 146 38 258 366 186 50 270 69 289 406 110 391 330 5 225 106 197 26 246 326 417 62 282 30 250 194 414 145 365 58 278 16 236 0
0 184 60 280 97 317 74 294 81 301 151 181 404 6 226 19 239 371 158 401 24 244 104 192 412 324 218 129 349 438 164 384 167 83 303 387 136 127 378 217 347 37 257 437 356 0
0 22 242 135 12 232 122 144 355 168 34 254 364 51 271 209 180 388 155 33 253 400 202 342 64 284 178 398 142 422 117 375 36 256 362 195 130 337 141 361 429 91 311 415 61 281 350 0
0 140 67 287 96 316 157 35 255 360 169 377 175 9 229 389 65 285 93 313 109 395 107 31 251 329 40 260 172 11 231 392 327 174 134 354 394 78 298 70 290 39 259 95 315 185 21 241 405 0
0 198 170 56 276 44 264 147 418 163 1 221 390 113 201 150 115 333 335 183 203 2 222 421 80 300 179 399 116 367 403 423 32 252 211 133 82 302 370 383 149 148 368 126 346 189 409 369 431 77 297 53 273 353 59 279 336 0
12196.459237128198
---> edu.hust.soict.cbls.algorithm.cbls.LocalSearch Runtime: 328712
0 112 170 332 162 390 123 89 309 343 23 243 382 139 154 359 159 379 172 374 25 245 179 399 116 392 37 257 133 66 286 353 336 16 236 142 362 88 308 145 365 35 255 0
0 147 53 273 14 234 135 84 304 144 355 168 171 92 312 388 219 364 439 367 391 90 310 209 155 149 202 375 422 199 206 369 188 419 141 426 136 429 361 356 408 22 242 19 239 0
0 125 345 47 267 218 113 333 52 272 122 438 79 299 48 268 109 329 96 316 166 342 197 39 259 417 124 386 344 28 248 15 235 71 291 86 306 91 311 0
0 29 249 176 11 231 4 224 118 396 36 256 10 230 99 319 338 77 297 104 324 163 69 289 57 277 110 330 82 302 383 148 368 30 250 194 414 134 354 198 58 278 418 93 313 0
0 103 156 175 323 205 169 425 185 63 283 376 180 33 253 400 106 326 178 398 20 240 405 389 73 293 126 220 346 189 409 395 187 121 440 3 223 195 98 318 8 228 204 341 407 49 269 18 238 17 237 424 415 0
0 184 213 137 433 404 151 357 42 262 74 294 62 282 167 371 192 412 97 317 214 34 254 434 50 270 387 164 384 100 320 43 263 54 274 44 264 0
0 140 120 360 191 186 60 280 411 46 266 27 247 138 340 78 298 119 406 21 241 211 40 260 339 196 416 129 1 221 358 200 349 420 431 182 402 183 208 6 226 95 315 428 80 300 403 0
0 201 181 215 114 421 85 305 94 314 160 111 334 435 128 9 229 108 328 83 303 380 193 161 331 401 132 107 413 165 352 173 381 153 348 64 284 81 301 393 373 70 290 385 55 275 327 32 252 0
0 24 244 146 207 38 258 366 67 287 150 87 307 427 45 265 216 26 246 75 295 370 212 436 51 271 117 65 285 337 130 59 279 432 127 350 217 347 56 276 437 0
0 143 76 296 157 210 131 152 430 203 372 115 102 335 2 222 351 105 177 41 261 68 288 322 377 13 233 158 325 423 397 174 190 363 101 61 281 321 394 378 5 225 72 292 12 232 7 227 410 31 251 0
12368.889795341705
---> edu.hust.soict.cbls.algorithm.cbls.LocalSearch Runtime: 310841
0 22 242 12 232 49 269 144 74 294 23 243 364 169 108 328 389 199 419 126 178 398 346 109 329 166 197 417 135 386 63 283 194 414 212 58 278 53 273 432 355 0
0 1 221 168 167 83 303 146 387 207 80 300 163 94 314 19 239 35 255 366 64 284 119 388 383 210 149 430 118 427 117 65 285 338 196 416 339 159 379 161 337 130 188 369 381 183 30 250 72 292 57 277 125 403 345 350 408 0
0 111 137 16 236 50 270 331 132 69 289 48 268 357 39 259 52 272 104 59 279 324 218 352 121 2 222 438 206 341 426 136 204 73 293 356 424 96 316 133 112 21 241 332 142 99 319 353 362 0
0 184 213 91 311 433 201 404 87 307 421 151 85 305 371 219 439 192 412 195 182 402 31 251 25 245 71 291 46 266 70 290 415 0
0 8 228 89 309 17 237 40 260 10 230 157 131 152 203 372 115 102 335 181 351 105 41 261 401 177 86 306 322 377 127 325 347 190 174 397 423 394 116 220 440 3 223 336 410 141 361 93 313 66 286 34 254 0
0 140 120 360 186 340 139 138 5 225 81 301 406 44 264 359 158 68 288 358 214 14 234 27 247 18 238 434 143 363 101 378 56 276 54 274 321 0
0 156 9 229 147 113 333 45 265 90 310 179 4 224 43 263 376 211 399 217 367 32 252 437 75 295 155 82 302 148 368 375 215 431 79 299 42 262 7 227 435 37 257 0
0 100 320 55 275 11 231 162 114 6 226 160 62 282 128 382 191 154 334 84 304 380 200 122 411 193 374 420 165 413 107 173 342 153 348 124 393 373 145 344 365 385 327 51 271 0
0 170 76 296 97 317 13 233 24 244 176 390 150 396 216 26 246 370 198 436 60 280 418 129 349 164 77 297 384 172 392 134 78 298 354 47 267 98 318 88 308 67 287 0
0 103 20 240 171 175 323 205 15 235 185 209 61 281 425 110 391 330 28 248 180 33 253 400 106 202 326 189 409 208 395 187 36 256 405 123 38 258 428 422 29 249 407 429 92 312 343 95 315 0
12383.9216861236
---> edu.hust.soict.cbls.algorithm.cbls.LocalSearch Runtime: 307133
0 63 283 17 237 151 113 333 114 3 223 371 334 9 229 167 159 379 38 258 19 239 109 329 129 349 164 384 387 204 123 73 293 424 100 320 72 292 12 232 74 294 343 23 243 0
0 101 168 207 25 245 321 95 315 143 37 257 54 274 388 70 290 220 203 427 118 440 117 338 107 65 285 337 59 279 128 61 281 423 327 174 363 134 354 394 5 225 348 31 251 0
0 75 295 157 152 372 52 272 7 227 132 377 186 22 242 406 82 302 179 352 148 368 88 308 133 399 185 85 305 353 87 307 142 405 362 98 318 0
0 184 97 317 137 58 278 357 404 105 77 297 325 138 60 280 192 412 15 235 84 304 358 153 45 265 20 240 79 299 373 44 264 0
0 94 314 160 211 4 224 21 241 104 144 380 213 111 364 56 276 324 218 177 433 431 165 438 196 331 172 416 69 289 62 282 16 236 392 397 116 385 209 99 319 336 29 249 136 429 91 311 356 0
0 92 312 210 57 277 33 253 131 430 115 102 335 181 351 41 261 401 108 328 322 200 214 11 231 434 68 288 193 420 413 199 206 215 419 426 46 266 28 248 66 286 435 51 271 145 365 35 255 0
0 198 170 76 296 71 291 14 234 55 275 418 163 24 244 49 269 176 390 150 396 216 26 246 383 149 370 119 436 13 233 339 161 188 369 381 166 6 226 386 408 0
0 191 47 267 205 156 86 306 1 221 411 53 273 122 146 201 93 313 421 96 316 366 112 180 425 155 376 400 106 202 326 178 398 126 346 189 342 187 409 375 121 208 36 256 422 39 259 428 80 300 40 260 332 8 228 341 407 34 254 0
0 103 140 323 120 360 169 340 175 50 270 389 173 395 30 250 81 301 197 43 263 393 124 417 64 284 135 344 125 345 78 298 194 414 90 310 67 287 83 303 355 18 238 48 268 0
0 10 230 27 247 182 162 402 42 262 147 171 89 309 183 2 222 219 382 217 32 252 437 212 110 330 391 367 139 439 190 154 158 359 195 374 130 410 141 361 432 127 378 347 403 350 415 0
12152.683406737398
---> edu.hust.soict.cbls.algorithm.cbls.Greedy Runtime: 1220
0 1 221 171 196 41 261 416 201 421 178 398 114 64 284 391 111 334 154 61 281 80 300 40 260 331 374 24 244 204 146 91 311 424 68 288 207 98 318 66 286 92 312 427 39 259 35 255 366 0
0 140 103 143 215 65 285 435 22 242 71 291 74 294 120 360 170 323 219 84 304 390 164 77 297 384 168 34 254 363 174 439 340 217 394 119 145 388 365 48 268 437 67 287 339 0
0 53 273 87 307 12 232 200 420 162 195 79 299 415 382 47 267 175 213 9 229 433 218 438 123 395 25 245 54 274 343 17 237 0
0 151 96 316 21 241 371 156 10 230 376 116 78 298 55 275 336 30 250 81 301 72 292 124 344 209 42 262 429 108 328 192 412 83 303 193 413 6 226 0
0 8 228 147 93 313 125 134 198 354 345 367 191 101 137 60 280 411 418 16 236 179 4 224 152 23 243 357 372 153 45 265 197 26 246 417 373 57 277 70 290 211 112 399 82 302 210 321 131 430 142 431 351 362 332 0
0 186 15 235 32 252 163 100 320 212 406 28 248 383 157 160 27 247 432 167 387 380 377 127 205 51 271 33 253 425 110 330 347 138 97 317 159 358 172 379 59 279 392 0
0 158 29 249 144 46 266 364 139 378 56 276 184 128 13 233 359 37 257 109 36 256 329 206 73 293 52 272 426 136 11 231 356 75 295 126 348 346 118 117 404 115 335 181 338 337 104 401 324 0
0 50 270 86 306 161 113 150 182 165 402 173 333 166 43 263 385 90 310 180 386 5 225 400 202 393 106 194 414 370 185 326 216 189 381 220 409 440 422 99 319 405 3 223 89 309 85 305 436 0
0 169 190 76 296 58 278 410 105 94 314 62 282 14 234 20 240 325 132 389 129 349 199 419 141 361 122 7 227 38 258 352 188 342 203 2 222 423 408 0
0 69 289 121 102 107 130 341 176 322 327 350 63 283 95 315 133 155 135 149 19 239 148 368 187 396 183 375 369 208 31 251 428 88 308 44 264 177 353 214 407 49 269 355 18 238 397 403 434 0
12803.767068141155
---> edu.hust.soict.cbls.algorithm.cbls.Greedy Runtime: 1203
0 186 125 76 296 33 253 26 246 406 198 345 47 267 167 418 73 293 80 300 86 306 171 387 25 245 135 391 58 278 175 8 228 355 123 94 314 395 64 284 343 17 237 0
0 103 151 24 244 144 7 227 158 371 364 139 378 101 154 323 213 92 312 66 286 359 161 374 433 150 381 2 222 69 289 35 255 211 112 21 241 61 281 370 210 321 131 430 142 431 351 362 41 261 332 0
0 9 229 147 93 313 367 134 354 212 169 29 249 432 137 34 254 389 16 236 179 357 153 43 263 373 110 399 330 90 310 180 20 240 14 234 400 202 194 414 70 290 220 440 422 96 316 0
0 50 270 196 416 156 4 224 376 19 239 67 287 195 129 349 59 279 415 205 5 225 72 292 82 302 425 209 27 247 429 108 328 192 412 1 221 193 413 3 223 89 309 85 305 0
0 143 157 160 178 398 114 42 262 380 46 266 84 304 74 294 71 291 334 120 219 377 168 91 311 100 320 363 174 439 340 217 394 119 145 388 365 48 268 437 31 251 339 0
0 163 140 63 283 62 282 10 230 383 360 184 191 111 22 242 55 275 411 199 419 77 297 141 361 11 231 218 331 438 404 188 203 45 265 99 319 423 408 0
0 190 32 252 15 235 12 232 49 269 200 176 420 410 113 173 333 396 187 197 393 106 326 54 274 81 301 124 417 75 295 344 138 60 280 159 83 303 407 358 104 172 379 13 233 324 392 0
0 68 288 182 215 402 162 165 107 105 6 226 53 273 435 128 325 327 382 37 257 385 133 155 57 277 149 148 348 189 368 409 183 375 369 181 30 250 65 285 353 177 401 127 397 347 403 56 276 0
0 130 201 79 299 421 166 39 259 350 78 298 116 28 248 386 185 44 264 336 206 52 272 426 136 18 238 23 243 356 132 405 126 346 118 352 115 335 117 338 337 98 318 0
0 170 51 271 152 109 102 121 372 36 256 329 390 164 384 204 322 214 122 146 341 207 38 258 40 260 434 97 317 87 307 208 427 342 216 95 315 428 424 88 308 366 436 0
12534.236604357593
---> edu.hust.soict.cbls.algorithm.cbls.Greedy Runtime: 1235
0 68 288 130 73 293 151 88 308 67 287 350 169 371 167 387 129 349 389 1 221 46 266 179 100 320 124 344 90 310 110 399 330 97 317 61 281 194 414 210 131 430 65 285 351 41 261 0
0 158 147 38 258 143 120 367 125 345 170 378 139 51 271 84 304 359 219 8 228 390 164 384 24 244 168 89 309 363 174 439 340 217 5 225 394 119 145 388 365 112 437 332 339 0
0 92 312 76 296 198 82 302 57 277 140 418 98 318 360 191 154 32 252 86 306 411 218 374 141 361 123 438 25 245 180 54 274 343 72 292 400 202 48 268 220 440 422 6 226 66 286 0
0 196 416 201 421 178 398 96 316 152 372 64 284 157 99 319 377 184 111 47 267 9 229 331 192 412 10 230 62 282 404 85 305 193 413 30 250 17 237 0
0 190 22 242 27 247 200 176 161 410 420 182 113 94 314 142 402 333 381 396 153 197 26 246 33 253 417 20 240 79 299 106 373 326 189 118 187 409 117 181 338 362 337 104 29 249 407 34 254 401 324 0
0 15 235 81 301 102 36 256 105 195 322 325 60 280 171 16 236 391 205 415 37 257 209 78 298 425 185 55 275 405 429 146 207 11 231 427 39 259 35 255 366 0
0 186 56 276 163 77 297 69 289 212 406 383 19 239 160 109 44 264 329 206 42 262 432 49 269 122 380 214 426 136 18 238 21 241 434 356 188 45 265 126 346 203 342 2 222 423 408 0
0 40 260 107 165 215 31 251 103 385 327 101 323 128 435 213 137 91 311 132 50 270 14 234 357 199 419 433 87 307 211 28 248 149 43 263 321 148 348 368 352 115 208 369 335 431 59 279 428 80 300 0
0 156 52 272 144 74 294 364 134 354 116 75 295 376 155 12 232 7 227 336 150 375 216 370 71 291 436 175 108 328 13 233 395 0
0 58 278 114 121 162 3 223 53 273 341 173 183 166 4 224 393 95 315 133 386 135 70 290 403 382 138 334 127 159 83 303 355 358 204 353 172 379 177 93 313 63 283 23 243 424 397 347 392 0
12863.589931846891
---> edu.hust.soict.cbls.algorithm.cbls.Greedy Runtime: 1286
0 50 270 147 53 273 18 238 367 134 198 354 170 97 317 418 167 387 213 34 254 390 77 297 123 433 208 30 250 428 96 316 180 54 274 343 400 202 220 440 422 0
0 205 186 137 156 10 230 406 55 275 16 236 163 4 224 383 211 75 295 85 305 89 309 376 155 425 126 357 346 189 375 118 187 409 117 115 335 181 431 338 337 104 24 244 407 401 324 0
0 158 68 288 144 74 294 364 139 378 191 5 225 12 232 411 359 94 314 143 100 320 157 363 184 377 91 311 218 438 404 188 203 31 251 423 408 13 233 0
0 60 280 196 41 261 416 93 313 52 272 200 420 199 419 129 349 164 384 141 361 127 15 235 347 84 304 175 22 242 81 301 17 237 395 99 319 0
0 61 281 212 90 310 152 26 246 372 121 215 206 105 341 132 325 435 108 432 192 412 328 83 303 136 426 122 193 413 79 299 352 153 342 43 263 373 70 290 142 88 308 65 285 362 98 318 356 0
0 103 80 300 182 402 114 42 262 323 334 101 154 92 312 58 278 374 87 307 23 243 150 25 245 110 330 76 296 370 321 149 148 368 369 2 222 0
0 37 257 151 66 286 371 190 51 271 21 241 86 306 176 161 410 113 333 183 381 396 45 265 124 95 315 57 277 135 344 403 138 8 228 159 355 358 49 269 204 46 266 62 282 172 379 177 424 397 392 0
0 140 40 260 130 107 165 36 256 38 258 160 385 116 360 327 350 120 169 219 9 229 389 336 1 221 168 380 214 7 227 29 249 11 231 434 111 174 439 340 217 56 276 78 298 394 119 145 388 365 35 255 112 437 67 287 332 331 339 0
0 125 345 32 252 201 6 226 421 178 398 166 109 329 179 20 240 14 234 386 106 326 197 39 259 417 209 399 27 247 429 146 207 69 289 427 64 284 72 292 48 268 366 0
0 28 248 33 253 71 291 173 102 162 3 223 195 171 322 128 415 382 391 82 302 19 239 133 185 63 283 194 414 210 393 131 216 348 430 44 264 351 353 59 279 405 73 293 436 47 267 0
12537.1136924133
---> edu.hust.soict.cbls.algorithm.cbls.Greedy Runtime: 1155
0 219 61 281 85 305 121 42 262 341 176 46 266 96 316 396 36 256 4 224 106 326 124 26 246 344 174 439 217 394 82 302 100 320 194 414 145 365 57 277 35 255 437 0
0 105 130 201 151 421 103 350 32 252 140 371 205 325 323 128 101 92 312 360 170 76 296 27 247 390 164 77 297 384 11 231 6 226 112 425 210 321 131 348 197 430 417 17 237 142 117 351 337 362 332 0
0 158 147 367 198 378 139 47 267 13 233 359 418 195 129 349 171 415 63 283 391 33 253 135 185 12 232 18 238 23 243 405 86 306 108 355 192 412 328 104 193 413 3 223 324 0
0 15 235 55 275 196 416 1 221 200 420 113 333 199 419 30 250 72 292 143 75 295 363 184 5 225 220 440 115 335 404 188 79 299 95 315 408 0
0 97 317 107 215 114 94 314 160 44 264 73 293 99 319 435 138 327 111 334 154 83 303 380 159 374 141 361 168 358 204 331 172 379 177 98 318 424 84 304 38 258 388 70 290 397 392 0
0 156 37 257 21 241 165 25 245 376 19 239 157 385 209 191 56 276 53 273 377 9 229 29 249 411 213 34 254 433 218 438 24 244 429 49 269 146 207 16 236 427 31 251 366 67 287 0
0 68 288 144 7 227 93 313 364 134 354 212 169 8 228 167 432 137 387 161 389 89 309 126 357 381 153 346 88 308 179 211 43 263 373 110 399 330 28 248 149 148 368 369 181 431 59 279 401 0
0 175 22 242 173 102 87 307 393 109 329 206 52 272 426 136 322 214 122 123 14 234 20 240 434 356 150 208 395 342 64 284 343 370 428 80 300 40 260 0
0 190 51 271 178 398 66 286 410 182 162 402 183 65 285 69 289 71 291 74 294 382 120 403 127 340 347 78 298 119 90 310 180 54 274 400 202 48 268 422 41 261 339 0
0 116 125 345 186 58 278 132 50 270 336 163 10 230 166 39 259 133 406 155 386 81 301 383 152 216 62 282 372 45 265 189 375 203 352 409 187 118 2 222 338 353 407 91 311 436 423 60 280 0
12771.218675997603
---> edu.hust.soict.cbls.algorithm.cbls.Greedy Runtime: 1235
0 15 235 21 241 151 196 416 105 41 261 371 325 154 167 8 228 387 129 349 59 279 218 86 306 374 141 361 49 269 122 438 188 88 308 342 203 31 251 99 319 69 289 35 255 423 408 0
0 158 63 283 52 272 144 18 238 107 36 256 140 75 295 360 138 327 174 364 378 191 111 184 13 233 411 136 331 356 159 358 104 404 172 379 324 28 248 394 392 0
0 219 37 257 62 282 182 402 173 30 250 393 109 329 206 42 262 426 214 16 236 434 127 92 312 439 217 347 82 302 54 274 194 72 292 414 210 430 80 300 437 0
0 60 280 89 309 81 301 198 78 298 12 232 7 227 418 176 199 419 396 2 222 143 363 120 340 32 252 66 286 108 328 192 412 25 245 145 365 0
0 205 186 47 267 156 163 93 313 406 211 383 180 376 152 372 64 284 106 17 237 84 304 74 294 326 185 425 400 202 131 70 290 179 405 142 422 431 351 177 362 38 258 399 397 51 271 0
0 83 303 130 94 314 166 43 263 386 116 350 169 58 278 336 389 201 6 226 421 126 346 153 124 373 110 344 330 90 310 209 112 55 275 14 234 20 240 332 24 244 429 146 193 413 98 318 366 0
0 22 242 157 19 239 102 162 45 265 65 285 322 171 382 56 276 128 377 101 61 281 391 119 321 197 26 246 417 348 189 118 409 115 335 338 11 231 40 260 1 221 339 0
0 103 114 121 215 165 77 297 341 87 307 23 243 323 334 435 175 137 50 270 132 76 296 133 385 155 57 277 357 117 375 187 352 395 208 181 85 305 353 337 204 407 91 311 68 288 401 424 428 96 316 67 287 0
0 97 317 147 73 293 178 398 44 264 125 367 134 354 170 345 139 5 225 71 291 359 390 164 384 213 168 34 254 433 150 4 224 388 370 33 253 149 148 368 369 3 223 0
0 212 190 9 229 53 273 432 29 249 200 207 123 161 420 410 195 113 79 299 95 315 220 381 183 333 427 440 39 259 160 216 100 320 343 135 48 268 403 436 415 10 230 27 247 380 355 46 266 0
12750.128812507895
---> edu.hust.soict.cbls.algorithm.cbls.Greedy Runtime: 1218
0 61 281 27 247 200 49 269 420 201 421 126 109 329 113 333 183 346 43 263 70 290 120 403 219 439 340 217 5 225 82 302 194 414 210 430 437 40 260 14 234 66 286 0
0 103 100 320 155 185 71 291 74 294 102 114 99 319 323 334 213 322 46 266 132 405 161 177 433 199 419 188 375 381 352 45 265 189 409 203 64 284 216 95 315 423 397 436 408 0
0 186 92 312 125 345 134 354 198 406 212 35 255 67 287 418 1 221 69 289 160 55 275 432 168 380 214 7 227 434 50 270 150 80 300 4 224 370 119 388 90 310 118 62 282 338 41 261 339 0
0 13 233 121 65 285 341 136 176 87 307 396 31 251 356 184 111 56 276 68 288 331 73 293 142 404 117 20 240 362 337 193 413 30 250 17 237 0
0 84 304 171 91 311 165 173 166 26 246 19 239 385 133 54 274 386 106 393 124 326 344 391 138 174 159 358 104 353 172 379 94 314 63 283 23 243 324 22 242 394 392 0
0 140 105 325 116 360 169 336 389 79 299 143 157 363 47 267 175 377 127 347 78 298 12 232 108 328 18 238 220 440 395 42 262 34 254 0
0 190 51 271 195 129 410 182 402 162 349 59 279 128 382 101 415 10 230 211 75 295 85 305 89 309 348 110 330 28 248 180 321 72 292 400 202 131 422 431 351 38 258 0
0 8 228 167 137 60 280 387 130 107 215 3 223 147 435 327 367 32 252 350 15 235 209 112 33 253 149 197 357 153 39 259 417 373 57 277 148 368 187 115 369 335 181 36 256 86 306 407 429 401 332 98 318 0
0 58 278 196 77 297 416 163 178 398 96 316 383 135 152 372 2 222 53 273 154 9 229 83 303 374 123 93 313 21 241 24 244 355 192 412 29 249 25 245 81 301 343 145 365 48 268 0
0 97 317 16 236 151 52 272 144 11 231 158 156 371 205 364 191 378 139 170 76 296 425 376 44 264 359 218 206 390 164 141 384 411 361 204 426 122 146 207 438 6 226 208 427 342 428 88 308 179 424 366 37 257 399 0
12558.76367411545
---> edu.hust.soict.cbls.algorithm.cbls.Greedy Runtime: 1180
0 156 186 51 271 406 198 82 302 376 160 99 319 418 14 234 66 286 199 419 141 361 380 46 266 120 219 340 174 439 217 32 252 15 235 394 90 310 54 274 194 414 145 365 70 290 437 0
0 52 272 144 128 101 364 56 276 205 50 270 163 69 289 383 152 372 87 307 43 263 106 326 211 425 180 185 321 400 202 131 348 197 45 265 417 142 422 431 351 362 405 73 293 0
0 67 287 113 201 421 182 402 333 183 114 42 262 18 238 97 317 334 22 242 209 403 84 304 175 83 303 429 49 269 34 254 117 395 337 11 231 0
0 68 288 196 416 105 88 308 20 240 325 5 225 103 8 228 323 213 91 311 129 349 433 89 309 189 409 220 440 208 31 251 428 179 399 76 296 210 430 44 264 0
0 132 75 295 109 329 102 107 206 30 250 17 237 327 37 257 27 247 322 122 214 426 136 13 233 434 356 188 352 203 342 216 124 62 282 79 299 344 423 436 408 0
0 140 169 360 116 55 275 215 389 435 10 230 143 12 232 336 195 94 314 415 184 363 63 283 110 330 119 78 298 23 243 126 346 118 404 338 77 297 339 0
0 28 248 71 291 74 294 121 2 222 41 261 161 341 53 273 200 176 420 173 381 396 153 39 259 393 95 315 149 155 373 148 368 187 375 115 369 335 181 65 285 407 401 0
0 61 281 21 241 92 312 178 398 151 36 256 130 3 223 147 158 371 350 170 367 139 378 191 111 154 9 229 359 86 306 168 411 146 7 227 390 207 374 123 331 150 427 64 284 343 370 388 57 277 19 239 35 255 366 0
0 125 345 134 354 212 100 320 85 305 167 432 137 29 249 387 164 384 25 245 72 292 357 96 316 4 224 26 246 112 58 278 218 438 59 279 332 108 192 412 328 1 221 104 193 413 98 318 40 260 324 0
0 190 47 267 60 280 171 410 165 162 38 258 166 6 226 48 268 133 385 33 253 157 386 81 301 135 391 382 138 127 377 159 16 236 24 244 355 358 204 353 172 379 177 93 313 80 300 424 397 347 392 0
12632.417224833147
---> edu.hust.soict.cbls.algorithm.cbls.Greedy Runtime: 1260
0 151 196 416 105 371 325 175 167 53 273 387 22 242 71 291 74 294 109 329 206 65 285 426 214 434 68 288 123 395 64 284 343 48 268 0
0 50 270 16 236 114 121 102 162 85 305 341 59 279 195 94 314 52 272 322 171 334 128 415 382 391 90 310 185 149 197 348 148 417 216 368 369 181 177 405 41 261 401 89 309 397 436 0
0 8 228 201 173 2 222 73 293 421 166 393 209 28 248 386 78 298 106 326 135 70 290 42 262 355 108 328 29 249 429 49 269 172 193 413 3 223 10 230 80 300 392 0
0 190 63 283 58 278 1 221 410 84 304 200 420 113 333 30 250 124 26 246 344 55 275 127 61 281 347 138 83 303 358 159 379 98 318 0
0 56 276 130 165 6 226 36 256 93 313 103 100 320 385 212 350 205 101 323 137 432 136 11 231 356 357 39 259 133 180 425 400 202 194 414 33 253 321 17 237 220 440 422 353 38 258 19 239 67 287 0
0 156 163 4 224 383 155 376 126 182 402 77 297 24 244 176 18 238 81 301 95 315 21 241 375 396 346 45 265 179 211 110 330 399 27 247 46 266 118 117 431 338 337 192 412 0
0 186 5 225 72 292 35 255 140 66 286 92 312 178 398 43 263 23 243 96 316 116 406 198 360 169 9 229 418 132 336 389 129 164 349 384 25 245 210 131 430 189 352 409 187 142 351 362 104 204 407 34 254 324 424 0
0 97 317 147 158 120 219 125 345 134 354 367 170 378 139 191 32 252 359 154 15 235 20 240 86 306 390 141 374 7 227 411 361 168 111 174 439 340 217 76 296 394 119 145 388 365 57 277 112 437 88 308 44 264 332 331 339 0
0 60 280 69 289 82 302 152 62 282 14 234 372 215 99 319 435 51 271 143 37 257 157 363 184 47 267 377 213 91 311 433 218 438 404 188 203 31 251 423 408 0
0 79 299 12 232 144 107 87 307 160 40 260 327 364 13 233 380 122 146 207 161 199 150 419 427 115 183 335 208 381 153 342 428 75 295 54 274 373 370 403 366 0
12818.41318092172
---> edu.hust.soict.cbls.algorithm.cbls.Greedy Runtime: 1352
0 158 147 41 261 69 289 71 291 74 294 367 134 354 139 378 154 13 233 359 137 34 254 357 199 77 297 374 419 208 45 265 126 428 220 346 115 335 118 440 117 338 337 11 231 0
0 201 130 165 173 421 166 79 299 393 180 350 385 185 155 54 274 194 386 414 135 400 202 131 375 30 250 216 422 351 405 84 304 355 18 238 436 0
0 156 47 267 163 4 224 383 116 76 296 376 109 329 3 223 336 1 221 205 101 22 242 425 197 95 315 417 26 246 110 330 97 317 61 281 321 210 149 430 369 42 262 98 318 0
0 9 229 196 416 105 94 314 40 260 325 169 28 248 20 240 63 283 17 237 389 195 129 349 59 279 415 51 271 133 27 247 353 123 25 245 33 253 343 148 368 31 251 0
0 60 280 86 306 171 92 312 121 162 65 285 341 87 307 23 243 114 153 39 259 373 70 290 391 120 219 334 127 382 174 439 340 217 347 394 119 145 365 19 239 112 437 67 287 332 339 0
0 37 257 62 282 14 234 102 206 52 272 176 426 322 175 213 91 311 433 150 396 36 256 16 236 179 75 295 370 399 211 395 181 431 99 319 401 0
0 186 10 230 406 82 302 152 12 232 7 227 113 182 372 402 333 64 284 81 301 106 124 326 157 209 344 78 298 21 241 138 377 159 29 249 429 358 49 269 204 172 379 177 73 293 424 397 392 0
0 15 235 160 178 398 80 300 151 44 264 132 371 108 192 412 328 83 303 380 200 144 46 266 364 32 252 68 288 104 193 161 420 164 413 183 381 352 187 142 362 384 53 273 136 214 407 324 356 434 403 56 276 0
0 125 198 345 8 228 418 93 313 140 143 360 363 191 184 5 225 90 310 55 275 411 89 309 66 286 111 50 270 331 218 438 404 188 203 2 222 88 308 423 408 0
0 58 278 107 215 6 226 103 212 170 190 327 323 128 435 167 168 432 387 410 24 244 122 146 390 141 100 320 85 305 361 207 38 258 348 189 427 409 342 43 263 72 292 388 57 277 48 268 96 316 35 255 366 0
12603.918418256058
