2 3 3
594.4913841771562 281.7565875158159 971.3071930634771 971.3071930634771
14.892128524887639 333.45268845311284 82.60880855476881 82.60880855476881
834.1143140462319 988.0526883220703 111.80640122548935 809.9282328926535 118.05423180963083
773.1517765134182 190.43113981915428 165.38587590893593 807.1693226997464 105.99046182669086
27.715410551212074 61.62442707151272 762.8274255670934 831.5516531102123 113.4953427559793
146.21859689926842 920.8031108610201
627.7267829138025
541.1516609925407
555.7180201664181
