4 3 3
509.51606804209837 587.708092598672 934.2341079979799 934.2341079979799
969.7856924496144 864.1945529404769 204.03963194845943 204.03963194845943
907.7669388776568 553.7062307979554 722.497075647343 722.497075647343
969.9804901837273 338.32373215897024 479.055674819712 479.055674819712
953.060257470784 780.9211823224256 374.13878714553096 647.2456628593831 120.34462364513823
559.9909399192553 233.16755163986713 98.22784082326208 596.6308713899635 122.5733075997153
686.9102864371123 633.4655222066144 759.4132259760502 678.4565756609409 101.71242166377188
731.7680984665974 611.7719672853606
834.7547000966733
249.8007347170937
500.3906790451571
