500 200 50
500.4542491026821 391.87695535228306 656.3203770315331 656.3203770315331
535.1356673687934 526.1589369797092 585.6491793558096 585.6491793558096
507.5725962758067 529.0264721232933 417.5898331387198 417.5898331387198
499.6448442303152 594.0396780758466 484.50919005928466 484.50919005928466
553.7983506321605 496.87900587494056 486.7948954344142 486.7948954344142
473.30997249691154 503.30999906703767 507.1015229908321 507.1015229908321
508.031366840664 509.87179169773 454.69339857354953 454.69339857354953
458.09508672044797 549.8052412924969 512.7201323017584 512.7201323017584
495.62909313866237 496.26200585789974 503.51538747009596 503.51538747009596
562.1411464641321 419.1213491529352 408.0295990084643 408.0295990084643
521.8347712197393 535.7018164078003 494.09148884386053 494.09148884386053
589.3064661935724 500.5635918270845 462.1387293622363 462.1387293622363
365.3550355258633 480.6910526382946 570.0770269215917 570.0770269215917
494.3740575646585 478.0591185596217 429.29332400737286 429.29332400737286
470.14494012841163 511.6480432064831 570.3818100180472 570.3818100180472
461.11223436354135 522.558988434369 511.90423360773013 511.90423360773013
436.6222019009077 524.5702595939777 503.98195011753637 503.98195011753637
461.9125927710666 507.84851854783324 528.601418031293 528.601418031293
607.118866270522 513.8516030397169 527.1786506152163 527.1786506152163
404.48793405711007 484.71323362406304 511.2891854857296 511.2891854857296
511.124930102696 451.96324185639713 496.455387082795 496.455387082795
439.07755536250227 456.5818126859743 471.13461337788186 471.13461337788186
516.9589124168356 538.3486671618829 532.1127604814207 532.1127604814207
475.49423929362956 519.0264616084647 440.22695226995137 440.22695226995137
569.2785440765448 495.10834167844047 420.7205556326701 420.7205556326701
448.6779321210604 501.5104209863587 450.32532318263526 450.32532318263526
572.7283918654335 443.3740985731539 539.3404364382241 539.3404364382241
470.89483197102663 506.9847077929062 477.8926158328031 477.8926158328031
556.6035342258209 437.4696581284004 557.8829582434181 557.8829582434181
504.9764515842555 573.6096050872774 476.5042096380533 476.5042096380533
543.9380805322957 457.3399138453836 509.25080477662243 509.25080477662243
441.5645517269314 525.2724538929851 414.4982830152576 414.4982830152576
518.9612547269479 536.0441967130439 469.28035884986286 469.28035884986286
532.7853356018799 442.78965989195984 455.0544752056546 455.0544752056546
430.7352843084411 619.3843289446249 626.5773375215451 626.5773375215451
519.9314946879879 476.1965161452915 538.786711167038 538.786711167038
429.1494735020854 515.6317673529448 548.2752605119108 548.2752605119108
497.88244890594046 412.48454861412915 560.2017336094707 560.2017336094707
445.631161077809 504.0272304935526 518.1383177768623 518.1383177768623
394.6899295171505 585.2301168073292 473.1935735293289 473.1935735293289
514.538911832499 466.51605153624297 422.26707283150506 422.26707283150506
578.3469176839217 538.6341346525006 522.1208360603964 522.1208360603964
424.9393200329061 490.54559048787695 565.9162945499252 565.9162945499252
552.9792130421505 538.7928394233951 440.56977556981906 440.56977556981906
568.5507583143008 520.3503576270698 519.5799480527697 519.5799480527697
512.6249978529894 521.6838266480157 417.2862976859875 417.2862976859875
407.0621954929424 479.3835069805218 499.65331593075393 499.65331593075393
467.114528404094 524.2038654247143 517.2592455845639 517.2592455845639
484.2000899754133 539.6588668294031 610.2236015522564 610.2236015522564
533.4980318865488 495.3499682350397 528.0564781895641 528.0564781895641
560.1478403959937 476.55546222247136 467.31723936038577 467.31723936038577
508.1213035315849 416.6821856546454 525.1572012969734 525.1572012969734
549.2945259253179 555.7871374055625 538.5161463857187 538.5161463857187
605.0199225750043 481.73610782548224 588.2522478860749 588.2522478860749
470.7614030309541 482.6878902575024 568.9407765846611 568.9407765846611
554.523545836869 436.950879326493 633.5403524208864 633.5403524208864
490.92750272068196 450.16392589529744 437.9702763566623 437.9702763566623
459.54596963706115 528.7808311283305 477.1076575908051 477.1076575908051
473.6309429846228 567.2143967365012 492.5210226934191 492.5210226934191
490.43230326732856 489.9314579426144 534.9938331072253 534.9938331072253
516.9732792804103 548.7749472665488 549.050213009682 549.050213009682
579.383975560682 564.515476064338 504.506123996454 504.506123996454
533.9249217776246 568.1897536415752 514.2918689705192 514.2918689705192
395.8333414794187 531.6188594115539 606.320981771834 606.320981771834
457.7583081035623 419.6407010489569 450.37971586382093 450.37971586382093
512.0641257989182 469.80566785424566 401.16537657345333 401.16537657345333
451.3694794731378 472.7593202760743 431.0308779881483 431.0308779881483
574.3588293970056 515.083207699932 579.4714837780349 579.4714837780349
496.391014417738 498.7710214928996 506.85922554744263 506.85922554744263
616.2508252516906 555.6706072765041 468.6878657329651 468.6878657329651
477.8852468902407 380.7411965743051 469.41109348592965 469.41109348592965
541.9134126596686 506.24098450777524 516.0210775590216 516.0210775590216
473.2695279234383 550.7678748637948 540.2058682322765 540.2058682322765
414.0692995734397 482.0444026994866 516.2393453573571 516.2393453573571
477.7645521911038 504.38488577785614 566.5326516684286 566.5326516684286
444.63595021074264 549.1752916492238 454.2054699233926 454.2054699233926
468.3308009684888 446.00757159627767 510.1794591371381 510.1794591371381
423.89503016831907 569.7805770059858 477.56950531147294 477.56950531147294
514.6744423989855 466.94422930266165 535.75903682333 535.75903682333
547.0258881912694 551.5425340023334 453.17836705504254 453.17836705504254
451.1076344661961 537.5988637685684 497.6885563730673 497.6885563730673
471.2266833466221 506.40649921631905 443.9151398035577 443.9151398035577
495.3698737008367 370.5121703931409 600.8607552749801 600.8607552749801
409.96547075843625 525.68190747833 561.8811909569081 561.8811909569081
461.33588380929467 467.9032409778287 503.52730218039187 503.52730218039187
432.3639187491294 431.5831312556421 498.3382328492685 498.3382328492685
600.5687752813558 545.48759290605 464.6474774786294 464.6474774786294
496.27100735259785 467.0138151354266 504.02801739635044 504.02801739635044
411.65956643279077 503.1454469694952 533.0360344103292 533.0360344103292
439.45976847129356 544.6831530711041 538.1635636763467 538.1635636763467
509.5672176454593 474.0729892163206 406.0580307746497 406.0580307746497
427.29344050798875 545.1877276719422 500.93261860174493 500.93261860174493
427.1050419552207 503.7362960665981 486.93529480125534 486.93529480125534
467.8063710794394 452.4577293671251 473.6992908278389 473.6992908278389
504.5892520383774 603.6847528706593 500.03634480673776 500.03634480673776
452.0870320175926 498.43089562780057 567.5617184990413 567.5617184990413
562.2485728074197 536.4278116578173 476.36074134826714 476.36074134826714
453.93157236377186 464.95563580128663 459.73304767091423 459.73304767091423
530.4001543328815 531.3967692136085 574.4223753079435 574.4223753079435
434.7362897684051 566.0010214844015 499.62041228047997 499.62041228047997
450.29322406366475 611.861563159902 487.26209091506644 487.26209091506644
437.9920978644086 460.1695776567619 532.1461557165022 532.1461557165022
501.03551535109864 463.3934906919168 540.8811709136362 540.8811709136362
515.6136818409727 467.7707717946869 380.3949625234494 380.3949625234494
451.69279967827293 458.9780374071025 495.4818532860057 495.4818532860057
518.6025260206252 420.0620322710333 470.54695208959794 470.54695208959794
545.2996195131974 467.13004882900344 504.87745515850344 504.87745515850344
534.6594364095216 459.6176880126279 591.5878021683027 591.5878021683027
519.8456374107667 454.58780596491806 515.9150246195899 515.9150246195899
587.5824067074628 509.0225007489542 463.216726928535 463.216726928535
495.6166296311562 574.4033954107126 626.3009014768546 626.3009014768546
533.10791475219 539.836310016045 464.53989763315707 464.53989763315707
520.1974212366565 471.1921718418238 426.4063996434568 426.4063996434568
478.24722106321025 464.3905096563969 538.7797440930981 538.7797440930981
445.46433582467677 461.9589858238189 456.79713140598807 456.79713140598807
499.6354347949571 524.970763587148 488.1271178226887 488.1271178226887
397.7501021906844 474.13691080296553 543.6286033900864 543.6286033900864
483.2675093339755 501.0453038060201 521.2822321316099 521.2822321316099
527.6093503032887 540.5502758439995 519.1335463553637 519.1335463553637
435.8715364918393 407.16761625921947 515.8085019308206 515.8085019308206
532.376511022563 532.9807039558781 542.6041580027253 542.6041580027253
551.0096498530755 508.81424766496417 522.5574616188745 522.5574616188745
497.648418701666 536.7154224083474 499.7362425814265 499.7362425814265
468.55920282842834 572.3219911662889 465.61281252378814 465.61281252378814
506.20770809254293 496.4963189142805 462.7328852054933 462.7328852054933
522.7239889690907 429.0147163471852 458.7069590658226 458.7069590658226
557.6796453868016 541.6023210503802 613.8008421638026 613.8008421638026
544.8810119236576 386.7249534738012 450.6140635776021 450.6140635776021
442.1774983094616 599.3172840263959 487.3621280184919 487.3621280184919
446.73688409756556 608.6981645511053 550.3617809318041 550.3617809318041
436.5832328752715 439.35947114917906 444.210989432876 444.210989432876
426.7805080918021 507.4071585627227 439.17288065573126 439.17288065573126
369.19432592097735 494.06298094431475 494.0883777549943 494.0883777549943
546.7534700496054 533.0442157970946 473.8421475728785 473.8421475728785
419.0148501339176 516.4737608235741 472.29661738544297 472.29661738544297
513.5713386962879 437.0322365172024 493.00714631951877 493.00714631951877
459.47373685962515 558.8745947464945 531.3167972232982 531.3167972232982
428.9055210069866 505.30112386380114 462.5712946760189 462.5712946760189
422.7351788022145 421.82806748797736 533.454275059612 533.454275059612
417.107274648043 545.2172631405297 426.32760713457054 426.32760713457054
524.4081283113884 480.0833939071223 485.0277241864023 485.0277241864023
536.2488320206392 495.3772279702826 491.57806178302434 491.57806178302434
579.4244427124079 504.11176190491824 533.8193179391917 533.8193179391917
502.68479895794195 505.5029334521223 504.8563435829036 504.8563435829036
491.4539510468555 493.91805236342265 494.84986667856106 494.84986667856106
440.4920434795147 520.3805220986454 538.208068848879 538.208068848879
564.8814167021258 421.0475557697462 536.4022302076645 536.4022302076645
529.3089356878554 492.3850740448239 502.26322047292933 502.26322047292933
534.3192929508447 512.0924711658859 526.5718516864525 526.5718516864525
510.16438765777775 499.2944318062004 456.9432968552643 456.9432968552643
549.0709683177149 549.9878846926609 479.2300654328855 479.2300654328855
412.3398050484138 557.5585834351688 511.9055923672058 511.9055923672058
506.4257100790816 517.4296588754974 468.89583852563106 468.89583852563106
404.5486631636778 521.4451552897893 570.6287134800779 570.6287134800779
516.9489222229785 507.63246899634885 435.8184543890749 435.8184543890749
504.7834378308095 510.5510347264841 559.7613735022916 559.7613735022916
494.2226425212744 531.106802343264 566.4283856354361 566.4283856354361
566.9842179125494 575.419515544936 479.83171918957925 479.83171918957925
437.02046596500617 430.2072687606281 468.94711745200095 468.94711745200095
424.85820365805716 505.9313938257577 553.3803140427029 553.3803140427029
632.9106713124091 587.1559080483954 434.73264144105735 434.73264144105735
588.557755954121 403.78225400921235 528.8843954719368 528.8843954719368
550.4258302890121 478.70299586689714 537.5135447940897 537.5135447940897
516.3428335682097 423.2100767365866 471.2914704936739 471.2914704936739
515.4828461532134 457.36672960932293 594.070989832352 594.070989832352
549.2644890463622 474.3889350010744 414.7908599677643 414.7908599677643
538.6262819517486 469.7691568746148 460.04323328104596 460.04323328104596
475.10889081513864 498.40311464350776 538.4922493260736 538.4922493260736
451.0310013363454 543.8567616246875 466.68370810949443 466.68370810949443
543.0326922357785 444.7077636595687 448.7366409431363 448.7366409431363
529.0622178118003 471.0364210176918 564.2381424326572 564.2381424326572
557.2436961515501 537.5560834355763 516.9904965635645 516.9904965635645
520.4634849311891 483.10804625834794 432.75412475523336 432.75412475523336
544.7343398855539 510.45615519242295 565.5150020375053 565.5150020375053
589.8447699523533 465.7281144465967 367.59455211671803 367.59455211671803
382.7159332049854 470.4290152123265 581.0173439889779 581.0173439889779
464.0986821730326 498.60333502818327 539.4670529717204 539.4670529717204
471.75870919833864 546.1768687738337 498.0464847310149 498.0464847310149
511.586758209259 568.1868419278951 502.4034088932637 502.4034088932637
428.8681060183569 522.1440908785656 517.1455180596055 517.1455180596055
488.264235168795 568.0941847692613 476.2502745997729 476.2502745997729
449.69418245099763 397.166992626668 548.8776174016514 548.8776174016514
457.98269671407144 485.2535140469047 547.0404269201499 547.0404269201499
521.5606390376113 441.87599172040575 454.95810013104267 454.95810013104267
381.1165007480673 531.1248820920949 460.37593199910117 460.37593199910117
494.03588705140317 450.45323867342 448.7648679560665 448.7648679560665
494.5342294478103 456.13284716584354 521.7177066631874 521.7177066631874
489.0700230309364 566.5808013482217 495.35433982208934 495.35433982208934
516.7526118665031 493.81500927653445 556.744418865083 556.744418865083
555.4370037460448 432.0289255021933 485.39205697666677 485.39205697666677
621.4596709896736 498.5976729902225 422.03271550235206 422.03271550235206
516.4597813775584 567.7211586924122 460.4765051349351 460.4765051349351
474.6726415282117 557.3198555340671 451.4319237898812 451.4319237898812
382.77499427953205 516.3780548224914 492.04520854738837 492.04520854738837
524.1024669240297 516.5226496783515 417.96747152483397 417.96747152483397
556.9729845793497 515.8271606488528 512.1813994458541 512.1813994458541
477.4598336043766 469.16086856460754 503.62560473205383 503.62560473205383
411.1652531604212 488.97960621735626 512.8652434845898 512.8652434845898
532.5022817832003 532.852409299729 478.12048836577617 478.12048836577617
468.2081670492983 430.00096800222417 533.8212412283026 533.8212412283026
470.2860490680338 474.8200848718189 429.0586379825393 429.0586379825393
457.90505460067857 498.1511416046358 531.0795719803712 531.0795719803712
459.0173785099687 534.0895051750886 421.84563261880555 421.84563261880555
529.6483624474204 537.9116971528778 458.48382974392973 458.48382974392973
486.48941718927523 496.5312572166603 483.54987180353976 483.54987180353976
443.3003410458381 472.6322802246026 558.6033268693493 558.6033268693493
534.562415437442 433.4128892540693 464.562378674667 464.562378674667
405.4306222754041 507.91168804973057 468.68117525497826 468.68117525497826
455.01235071890727 587.1426006111885 548.1362206963562 548.1362206963562
476.22202348370655 481.75976287753537 587.0169717901313 587.0169717901313
485.52163607378253 494.2746734096768 531.8321187279631 531.8321187279631
507.49646949885863 493.9572689022796 457.58464451752087 457.58464451752087
512.1804606795638 523.647703041136 503.7464071955331 503.7464071955331
449.74969987344446 519.2907416340717 465.14118633615607 465.14118633615607
525.0848984801512 445.07079457859044 502.6107971834579 502.6107971834579
497.2679144761816 456.7880023514117 425.26937956437257 425.26937956437257
444.45363179696255 509.99683162547984 483.33021465784407 483.33021465784407
434.2421175167193 502.3278512395423 453.355997168719 453.355997168719
530.8985888938427 561.5719252002256 510.35650572792224 510.35650572792224
582.6922200470526 488.8403781837094 515.5283538834299 515.5283538834299
605.1978580801841 524.0306389447858 476.75795440701677 476.75795440701677
488.8909674622914 595.3117112664258 607.8568339710522 607.8568339710522
427.78416768246564 464.6647842940318 490.9300907179226 490.9300907179226
582.4250674427793 572.009895037838 433.8110999661333 433.8110999661333
510.2933639190664 478.44489339526535 512.4920749064772 512.4920749064772
443.78689636953146 586.942445426196 452.63971226604 452.63971226604
494.0337664378781 444.2876672322177 537.0983498647606 537.0983498647606
412.4903832930156 443.3932870254584 519.3175356313106 519.3175356313106
522.2733709224033 540.3994464071811 540.1534817202503 540.1534817202503
426.91654695864736 486.7758660252639 493.2276885082722 493.2276885082722
504.343275075473 587.5351701229978 534.5319727954443 534.5319727954443
439.8006986064731 410.22568095542874 621.1606543966082 621.1606543966082
457.6068284843164 508.8066910021812 466.6368916662113 466.6368916662113
480.1287369800026 475.6900743791915 508.44655867968623 508.44655867968623
532.6906404513387 588.160126765717 535.9232883774753 535.9232883774753
582.0414085731604 555.5964636268188 514.768559449602 514.768559449602
506.738110297381 435.0691777330174 410.20360087041155 410.20360087041155
577.3722516870856 306.8774225970257 479.9722675371963 479.9722675371963
538.401437133797 484.1274712934729 531.4784885018778 531.4784885018778
541.1509791784003 516.0389592063882 472.9677118717129 472.9677118717129
416.5292695113387 563.029737417571 449.8859734382106 449.8859734382106
417.5589621639497 466.72867037798244 565.4293721047139 565.4293721047139
615.7346064902264 554.003298179561 588.0940203298411 588.0940203298411
496.32455262697687 496.53454471499555 477.6738884375616 477.6738884375616
493.2710788857511 483.9703264865463 513.1602354344228 513.1602354344228
493.68196720253445 484.77972844071564 482.9076856795734 482.9076856795734
590.9058645955064 547.2531737328517 455.0139120698907 455.0139120698907
539.6697380863416 435.0357014598762 549.391834300146 549.391834300146
555.4700074105957 501.33002088688966 479.07670294719395 479.07670294719395
664.3672792031916 535.7787999539981 534.4983133455441 534.4983133455441
490.3479518278821 459.2501141924782 452.30761439749926 452.30761439749926
521.5658033641096 474.4189452001899 489.05194552264845 489.05194552264845
422.88720612483263 496.52098628689856 530.8908641501923 530.8908641501923
401.8619050063008 423.06543861344676 526.3287670102895 526.3287670102895
560.5527687633967 541.6447129026695 478.6860558223024 478.6860558223024
547.927400992424 617.6555346384825 504.441585437266 504.441585437266
555.5282764222354 429.5806645565489 439.15268885031594 439.15268885031594
503.1180081490375 504.798676955894 516.7151107931953 516.7151107931953
431.3020578943409 556.2214388516302 513.8730735422898 513.8730735422898
546.9970618709872 560.4973099225015 514.3262497491265 514.3262497491265
554.871815819691 531.5242660812263 444.74840415082025 444.74840415082025
575.4478640633665 415.16222248961355 488.7654828854554 488.7654828854554
537.0408826533442 458.3296432692204 425.4525572136379 425.4525572136379
433.5883241465507 455.87880267101866 547.0697179956344 547.0697179956344
518.6714265621416 489.0048838941743 550.0002468001784 550.0002468001784
530.5071244984106 510.14004682346166 517.353394173649 517.353394173649
520.5788467481983 493.5557779006706 501.0957726921127 501.0957726921127
491.8571113089461 479.6149280149761 516.8979927909555 516.8979927909555
546.3652844977685 490.5269148475841 554.7304456901412 554.7304456901412
581.7824133686862 474.89971538106016 569.0445266854678 569.0445266854678
497.0955870099809 521.0388007957271 516.000568326926 516.000568326926
559.5911074627938 525.2676926269799 520.3583715355693 520.3583715355693
501.0993800440197 526.9243759422803 518.8882264586442 518.8882264586442
442.34400923171694 591.7996036023646 482.3355622125031 482.3355622125031
517.0908543074268 502.46195734186637 473.7867319930794 473.7867319930794
495.43773472944724 514.1964729056353 512.7566407622334 512.7566407622334
564.582001785198 512.9533644758274 525.3468687089627 525.3468687089627
521.1949752883955 386.3288918090668 523.2788358570767 523.2788358570767
520.9711500179191 591.8916371863047 454.362424648597 454.362424648597
501.54562409768755 448.18292346612145 380.63599630410897 380.63599630410897
476.6573989396588 432.22300631572506 532.3343357655262 532.3343357655262
540.4515219549003 495.9711169730404 572.9132115480988 572.9132115480988
462.4922976373959 498.77210784360125 445.3312164384514 445.3312164384514
419.2232043984723 540.5992442644747 606.1330403103686 606.1330403103686
438.3285026790587 456.6854047474396 451.17370449456126 451.17370449456126
453.1096947362996 565.8028636653336 546.6825740291615 546.6825740291615
447.2053846016819 479.4501956936668 485.78218694209414 485.78218694209414
497.3040451090853 552.3118952952772 537.7986649799457 537.7986649799457
524.436793253527 513.3996801064491 470.08745101032594 470.08745101032594
504.2944099913124 539.33993163065 519.3885074329347 519.3885074329347
539.8531281239269 491.7127473900358 502.4248809733317 502.4248809733317
524.2210028901758 513.1491406169866 490.2534225306416 490.2534225306416
488.18099365186674 533.4159841949499 369.264477511716 369.264477511716
485.5495300767087 520.6337180535671 442.1238027226922 442.1238027226922
498.35370533821475 529.1937622588207 514.6048984885671 514.6048984885671
388.5126416438311 559.4312848393416 411.94561481363075 411.94561481363075
579.7474439415323 429.7638625204363 562.0433641593409 562.0433641593409
574.1088174564562 451.2365438393856 497.55230862055595 497.55230862055595
495.27189355030464 543.6541582913765 453.3537648488392 453.3537648488392
478.64686657306635 550.8677505075817 480.3386359614779 480.3386359614779
495.8141648303085 550.0942673205312 474.40090276228284 474.40090276228284
558.0862312354227 532.4923741762559 632.8946325413918 632.8946325413918
546.2259212381018 483.94057064515897 403.72269805811254 403.72269805811254
447.5096524923092 485.2203500684003 479.0034144144309 479.0034144144309
471.6177460771918 554.6417545732025 522.3374615594781 522.3374615594781
582.6509152407071 496.842151286993 437.94559414783396 437.94559414783396
492.7476969306707 462.1548521607095 442.9570232845874 442.9570232845874
525.0869858880816 397.1290049783672 493.87262896334954 493.87262896334954
496.8627317290433 544.6831711772647 503.64114496124375 503.64114496124375
443.7060321565229 480.92357261660806 501.10675578855705 501.10675578855705
451.2883527766782 526.8384441155079 587.2825328261389 587.2825328261389
468.57135719372377 588.3087797836395 518.2091063546734 518.2091063546734
540.1626733475895 440.47184639743205 412.13828809513365 412.13828809513365
584.2906148190225 386.4679799569514 496.6782199271125 496.6782199271125
425.5038282046421 497.78446607656286 540.8103883830571 540.8103883830571
530.4033562848912 448.63169973238894 543.0819445838036 543.0819445838036
508.18234820815593 429.30123613199004 568.1767537533162 568.1767537533162
517.1725900909979 449.40942149880175 463.38751860956927 463.38751860956927
461.79765940352263 467.3489973888376 524.8228344700275 524.8228344700275
486.64992815589056 389.7150688566992 454.1801392844394 454.1801392844394
451.5554301340402 441.2528126930043 548.4148037962289 548.4148037962289
429.24459993026073 565.4310743137816 562.2705757367976 562.2705757367976
415.9572329233385 425.9150146179685 485.25073134347923 485.25073134347923
509.9909084480346 555.804398197786 518.2951505885397 518.2951505885397
449.88004980810996 527.1862782153323 598.9847949191051 598.9847949191051
554.230382773801 471.45294929970333 484.8354226934681 484.8354226934681
490.2552294697717 588.970466216379 370.28629581974667 370.28629581974667
529.4964742873326 527.2352266767437 506.1467217940258 506.1467217940258
545.4578571027133 451.5432572437787 556.8629072999157 556.8629072999157
585.4669058593295 490.5769518003543 461.9584950084937 461.9584950084937
529.5596060089324 434.7946395375218 520.6388923917549 520.6388923917549
579.8217568986165 553.3135107214871 556.8504330624962 556.8504330624962
494.3188607903863 553.2628877293382 485.88332266071944 485.88332266071944
509.7187083882274 506.9604637856626 466.9529751873241 466.9529751873241
407.9108511344673 467.726295697318 490.27930835041883 490.27930835041883
536.5335729328598 463.52979589165693 548.9418652578062 548.9418652578062
465.28774887467495 544.4553304631237 578.6422216095028 578.6422216095028
489.9030495283442 565.2286054217504 587.9573275343635 587.9573275343635
458.40378452441496 480.4874394105919 567.5486245908653 567.5486245908653
453.65842399215535 540.8366660346298 422.24788596268957 422.24788596268957
585.3536739187181 474.2653473825575 522.3553713069258 522.3553713069258
473.2027051739398 472.7769040144909 508.12131808241213 508.12131808241213
470.9950114610393 460.448380324712 453.07759116560834 453.07759116560834
445.3711811102359 446.0750704425997 627.1905396617173 627.1905396617173
434.3989763758211 531.1576755807346 521.9995085168313 521.9995085168313
500.1554934266813 529.8705769943105 516.7668038694314 516.7668038694314
482.0029255427077 525.5412021810612 541.6371835053345 541.6371835053345
475.26323981183566 527.8475599351991 528.9044871999978 528.9044871999978
502.93646837562613 538.8368756448762 519.6136666100728 519.6136666100728
472.15027428171976 477.33301757009303 459.8589163321819 459.8589163321819
533.2395044042576 457.43705361667645 550.8734189321232 550.8734189321232
458.45166786073617 501.8539152757531 472.8289824482224 472.8289824482224
509.5805521136713 503.56138880423094 529.0541564622848 529.0541564622848
501.97117764150755 550.9903160456158 509.857728469059 509.857728469059
597.7856985206545 476.4844356071199 535.5400066289162 535.5400066289162
504.07589721622145 524.0078562275995 589.1985341423149 589.1985341423149
555.6871532573156 454.74188871549876 471.45167903283163 471.45167903283163
468.0311855482948 452.35378386825863 538.3332513900433 538.3332513900433
523.6246751171418 479.8115499793999 494.7549010788679 494.7549010788679
493.46075139994826 478.91759163594367 445.5098122017846 445.5098122017846
438.12264198806963 530.9128095414095 521.5794796661568 521.5794796661568
518.3185859840673 505.88130331944836 523.8031636871207 523.8031636871207
478.10559374816313 408.4234154056509 477.150738048988 477.150738048988
533.6920169118392 516.8725205598702 481.9927489542064 481.9927489542064
500.3182038384829 533.0488656054666 513.464842189153 513.464842189153
546.9188095115012 420.358546686827 576.8929247563372 576.8929247563372
423.24862504487754 555.3237348967277 526.8521882004877 526.8521882004877
459.621377914449 417.0928680403571 485.52673899867233 485.52673899867233
519.0787495996352 491.49994568629603 511.88914453107975 511.88914453107975
567.0469773328477 498.5336947211497 443.380963820491 443.380963820491
530.272778170475 465.7185561788119 537.2328021269665 537.2328021269665
502.15874734697275 511.4424743600258 528.0813283382336 528.0813283382336
505.27083848034533 565.694411750088 369.94155622853316 369.94155622853316
523.0601633333785 505.9813576160542 486.22638674853334 486.22638674853334
585.9219757160586 506.25786132731196 534.0737719570402 534.0737719570402
556.7831517944189 495.97640752512154 514.3251769759487 514.3251769759487
579.8141667656787 505.4852711294229 429.8260285250182 429.8260285250182
460.7181088143314 510.7175940350666 487.49497249502895 487.49497249502895
455.48498877497127 584.2550615129768 443.2694620095954 443.2694620095954
483.53429090025315 496.84803082553003 466.7950696629917 466.7950696629917
519.2877770545838 430.07544470641614 450.60163197624627 450.60163197624627
543.2124077992089 457.4694547867022 573.7530456319873 573.7530456319873
504.012419428283 489.3478338618631 496.85782797393307 496.85782797393307
516.0048085672543 438.3934648571686 467.4464457538986 467.4464457538986
398.3078236603096 478.65390177444255 531.4804223223742 531.4804223223742
459.47403129526157 564.1655772397788 374.10683045568936 374.10683045568936
586.1404359622848 477.17677958439504 490.99241605080283 490.99241605080283
564.5238225023315 430.8258545526271 450.70321608105843 450.70321608105843
535.8800293790056 555.1995394736857 514.9969772842634 514.9969772842634
577.5094250186129 559.0131949754899 396.6235448695947 396.6235448695947
545.7622206703717 523.6611563745884 595.6902567447788 595.6902567447788
526.6373726657764 567.941096926985 543.2573813217289 543.2573813217289
500.0787071906331 496.02541157089405 427.67066248324966 427.67066248324966
499.33611191983374 525.4044629358058 560.2484400821535 560.2484400821535
535.89391843366 493.1404628769735 481.9802286436942 481.9802286436942
546.7950661327012 471.4355781244106 535.1584337086383 535.1584337086383
414.98136338172503 529.1194990427985 519.8819848852563 519.8819848852563
534.259819526305 419.676872881269 546.9508374451931 546.9508374451931
507.20154822637824 548.9277210570722 478.25039568797536 478.25039568797536
435.14999189206367 466.0841418639726 448.46136555696876 448.46136555696876
600.02054086131 426.33674735131945 527.4587090487206 527.4587090487206
449.70912255324873 562.3939396431618 502.33296224065447 502.33296224065447
535.4632129263747 509.36532055938176 498.6134170493174 498.6134170493174
534.8869429913802 451.05032394678403 453.36512314435004 453.36512314435004
531.4570169522525 540.5134017435016 431.8144751867625 431.8144751867625
544.269331769776 552.3573244308874 526.3435637281931 526.3435637281931
464.59136343500467 491.1775435379758 474.427276374768 474.427276374768
493.6988868379949 530.6199337108071 461.75107600461877 461.75107600461877
525.7932103625894 615.1979390921379 547.3114966444866 547.3114966444866
573.3271701464737 559.1880096675261 565.7081515095992 565.7081515095992
455.55818375826425 518.3809698556989 454.3103057761887 454.3103057761887
502.14487185572864 482.7097881183218 468.78687688789427 468.78687688789427
556.5181287368641 473.39046086017305 483.7626429175455 483.7626429175455
547.6743662639321 457.9153797297621 606.9050646856197 606.9050646856197
550.7119675242162 411.3193367833791 447.48914619142715 447.48914619142715
535.4993361821819 594.2102596918816 516.7265405625311 516.7265405625311
567.6848615392873 550.2564614317963 429.65656887753045 429.65656887753045
578.0022498208212 452.73075005496366 503.62623535356784 503.62623535356784
578.3593103336107 525.4532809894515 597.1188419798909 597.1188419798909
429.2971757403915 424.01883364307315 498.5763920584983 498.5763920584983
518.4441049736939 556.067290060622 395.72787133660364 395.72787133660364
512.0834278779619 467.79134416750276 509.4182462631791 509.4182462631791
536.9566199675078 465.6299775202666 461.31076981458 461.31076981458
519.5440261414536 524.260411891158 561.0608105774567 561.0608105774567
508.45015681366164 488.3291563312521 530.829025492901 530.829025492901
521.7196519537001 484.4291550206247 575.1637528611893 575.1637528611893
561.062053006411 471.72775937245547 514.3374664270361 514.3374664270361
547.7403433444074 469.1566667948912 478.12137406447084 478.12137406447084
494.0325069698666 530.6051034818327 552.558288085173 552.558288085173
494.14121248745164 478.7589868790792 573.6696609025086 573.6696609025086
452.1138456293989 546.3610557468112 456.885709077557 456.885709077557
611.2223905201935 450.8902985668218 457.8707692209599 457.8707692209599
589.0140783345859 456.98167893718465 467.37074157704683 467.37074157704683
473.2369844277248 529.7762389170771 491.2615587034263 491.2615587034263
391.3458672181938 422.44998992651284 510.76393746677104 510.76393746677104
481.2112554026705 502.6806461820497 499.76001563394493 499.76001563394493
468.2479550108305 543.256182952359 505.56285823295144 505.56285823295144
425.19598604031967 520.629128912511 560.1583027801288 560.1583027801288
502.50908246401934 532.7611912665681 518.9776824690408 518.9776824690408
483.92084223481686 529.1476984347647 561.1502839741963 561.1502839741963
534.9573260338467 486.52027308218226 437.1423874722208 437.1423874722208
542.0655416488356 516.4597651448124 557.7489429046686 557.7489429046686
421.2622980708495 473.3617175558678 533.661541131437 533.661541131437
556.693950765073 475.1307366945935 493.80383034360455 493.80383034360455
520.0610113899812 489.56673921814496 522.8243418104353 522.8243418104353
453.55788011799945 530.1687154526827 491.2697585394882 491.2697585394882
508.3185580241176 574.6146261346477 511.22357006663276 511.22357006663276
482.8707848352731 472.5274758460043 446.33196517431657 446.33196517431657
473.531020693052 519.8640650899582 532.0528658970381 532.0528658970381
562.651339163961 560.3055402511079 475.47010170751435 475.47010170751435
444.9148302678414 551.2263989365922 419.01620686836094 419.01620686836094
405.02294909414513 410.21964508187955 471.3345087177395 471.3345087177395
492.4797866213246 460.0279498492834 488.74908307615 488.74908307615
544.5697457919028 495.07711672679363 419.28044437580024 419.28044437580024
477.8026887981513 512.5610856348399 474.6378110132797 474.6378110132797
509.5392883099482 555.909821230251 572.1662776841534 572.1662776841534
486.2079146466928 411.1060560174285 561.1131048396423 561.1131048396423
482.52434305222846 496.20092870230116 492.7408328534896 492.7408328534896
608.3459313243169 462.7023999193632 419.761750681575 419.761750681575
520.8038621955898 479.14515289426095 544.250736416869 544.250736416869
449.9185816892433 451.3667057205564 515.1172140533956 515.1172140533956
407.42060338570116 456.96847332859113 458.86008054566815 458.86008054566815
568.75771404702 541.2461225916214 510.3230288085012 510.3230288085012
424.76924086954614 466.0829573947041 518.3175819647728 518.3175819647728
451.28705784986164 583.9075361557636 529.0209573371017 529.0209573371017
478.0729347628262 451.62075609201696 498.66441814005105 498.66441814005105
514.2577060781908 496.0662073945477 440.6342165317268 440.6342165317268
541.5138237819552 434.2521459927375 555.4113267570197 555.4113267570197
494.83149214353904 488.0592139835774 518.5325365374908 518.5325365374908
475.1477220035648 573.120476961239 479.8935490767766 479.8935490767766
488.0187578662856 378.80048656192065 484.4933794078501 484.4933794078501
539.8648137382054 457.4563878462878 535.5626350571033 535.5626350571033
532.9125308632223 473.9910933251193 606.6247943519909 606.6247943519909
550.241350196674 441.6813635686965 457.0046193792391 457.0046193792391
561.7704200216493 430.07438970728015 428.2927426531071 428.2927426531071
461.1344352138234 547.4578102806482 588.456318325032 588.456318325032
442.0142087969287 497.9959731868185 447.36153865620435 447.36153865620435
511.19589560393547 482.56884900592087 572.2361559222381 572.2361559222381
464.09383250143867 462.9534011365328 567.5056853682299 567.5056853682299
476.6350572020895 449.8926685517691 545.4739797431839 545.4739797431839
453.17525977015015 457.5977049957827 561.5152191069727 561.5152191069727
487.98836141628675 489.8156977027801 583.3610564434857 583.3610564434857
525.1626391378209 536.6863109942747 583.8458435726213 583.8458435726213
500.97530474578156 481.67411945780594 580.9796388755547 580.9796388755547
492.113235380234 435.9799318760474 552.3077677202076 552.3077677202076
352.801179477658 540.2213859224406 449.8637865546835 449.8637865546835
415.1699734737864 544.6309279556242 525.3750251676686 525.3750251676686
424.9641719060165 508.9977716344521 591.1138768511784 591.1138768511784
434.39557748041267 557.4286580341313 486.3968651780474 486.3968651780474
501.0188662273409 533.1566887724332 552.8588012016894 552.8588012016894
514.0655138487687 526.468687509903 496.62389321159367 496.62389321159367
493.1761095939189 509.0966144023969 459.78906248355065 459.78906248355065
404.91566633559637 498.057570940629 427.1188865167821 427.1188865167821
513.2854457180287 472.8809356447859 542.591977336073 542.591977336073
443.93313640101405 452.20752926560897 568.2224798117913 568.2224798117913
422.1813751431428 495.595253790136 579.6940935166116 579.6940935166116
499.7252361845652 635.9267119611104 455.7669428022297 455.7669428022297
497.00779874243165 521.0440462215637 474.47742662209157 474.47742662209157
506.4414104633393 475.8773867851041 576.7838976572406 576.7838976572406
481.835679792694 505.9288538488369 528.3777622120358 528.3777622120358
533.6277877793336 607.6717191289825 509.78493761691794 545.7451026508204 146.52254800631664
507.84271108873287 471.65103561442135 545.4528651873932 395.5636098563237 28.437548329428584
525.4134434165736 568.6769729965778 586.8084640366266 519.7886633107371 167.21554333669712
588.8252233531688 444.7995362307862 497.69542977708534 457.2542348592475 138.48105096760335
453.88961956602697 428.087577558765 454.2840345087096 509.5534804651351 11.447849985200648
464.91040471297146 510.7651794390875 444.83696386589867 522.0272307576286 180.1227847027116
468.57107756597696 567.4073718035645 481.4396567312975 506.69235295490705 21.428505796540176
425.44602980689706 493.11007923532065 508.3171951178511 500.7592947052908 177.42971234276675
515.5275699563322 516.2776181932686 580.2428022451855 483.6699407985547 73.71413655695466
514.486753030347 512.250687192152 462.98560855663857 485.9428473454138 145.98881767086087
453.4184335186422 521.0166184477014 567.632988827236 439.318853020245 144.52045933971948
509.61089988081164 450.770051776713 491.19633945399073 516.2691073437192 70.90992790910754
471.4071708762118 468.4171978012139 426.0319289275882 450.7317857215636 184.52593634692082
419.158943032305 553.7127650401782 510.76415397837786 519.9704193531247 181.67254812057922
540.8708018471431 503.9901750044991 469.7176461279161 491.0921621907447 35.91647367915725
581.8179018737644 481.0049923819477 484.4383479256871 431.40718012076496 54.72915616882069
483.0220489692976 508.30141501569864 419.3338864096512 492.26831298274533 78.13271151111041
505.24320536749855 503.0467500335273 430.861136460349 507.4728389027933 158.79717388978574
541.041761589802 415.70829791688755 495.4375956795692 485.39996680434507 71.78780246840759
445.2926322253422 545.6812117437858 494.3069122710675 469.36887768263193 39.830727422737795
479.9396431709619 424.30837359432235 447.0477772489572 481.3429809195459 127.00625547565261
442.6511588658619 366.1702258239003 507.30060572224613 465.80544064097126 48.41532846660819
521.2403215081479 435.5412697827039 513.5266563839574 463.49337986864407 101.69444277836574
487.5310763353597 480.68558033616904 527.4288553882722 450.8300884074179 40.397012783643305
515.018748964755 540.3915574292499 455.1994590212855 493.76914410945693 87.41083295659821
493.96910946586416 510.0709751200372 508.2977241798291 489.1638943438459 141.03384912299214
433.0873423630503 430.11764390941113 543.2227703274074 518.334357639768 175.19732732602006
537.601557057464 477.96073410089264 483.74840743513244 434.1751669915848 150.9028313765905
492.1883414163147 494.74315719352194 542.7806144072035 506.41382696947574 17.320067872462225
424.4199239546781 534.3088199212775 478.87174879873197 596.2765424927384 130.73814274444914
544.5571878603149 528.8556943251826 548.0874974588316 528.5768334682582 33.92437318158575
550.4095706533058 463.47629877228496 497.42427947405565 467.7439558045631 117.81575933831975
522.7122748338766 457.9154365954742 431.971166597869 493.5841566337153 128.42954527033106
566.6931996865526 475.76907873121667 487.6065196268586 403.0766204101611 154.4009747360857
507.76860544401643 511.4414667925949 462.1265651555633 463.2088923344668 53.58844881492038
502.5767289126035 556.2183811094469 515.3086403104475 493.21908676885573 143.07568836454914
420.7076097352175 474.9037035486887 484.9160740543549 508.0235424269976 129.74650125179636
477.7422215666165 430.24005750765 555.7098892220786 496.14976761024457 63.864723800632184
494.93580469962916 588.1075497891973 513.8045217146014 603.5044696637283 120.4063732579708
573.8586679155933 528.5555766256768 502.1039317127063 494.62141841382646 26.35887168600946
542.7440683000061 411.31088947847377 503.3254126191197 480.4478087557374 141.9079490186681
586.8049231067621 478.5781498136891 470.07224276084924 426.35273757888376 129.32812229883154
560.9842206447593 571.5504876891739 467.2725402566527 453.5252226837999 127.25679683976573
414.1451669194318 518.3928079984514 499.72182290822605 535.3353831901811 11.442323751106006
524.8205212231188 472.47705148133565 523.0163970542724 498.3154331059205 138.98591438760388
488.86799419727055 494.6923298840072 489.3227869139562 466.0080138442467 45.94749653645256
516.358197503114 466.84121441390346 542.2890395014816 563.064690481444 156.74094077842156
472.6717595178468 526.7940115156711 465.84509576375194 451.85207616969797 188.7325517451577
470.6699475554635 393.2667300402976 472.57175469019467 550.6352053781635 18.083464531497054
541.2915753054539 506.94706148924973 471.22736097766517 491.9480498574421 142.87968031971045
555.093167578346 509.4387709203592 611.0895940262819 396.33532559437305 121.07391372597962
569.343868556445 471.5763020288765 383.79526912234223 595.0813420411304 151.20793757342685
572.6360761911553 489.6692792368387 541.9014670537746 609.1543087359008 136.50759785942827
438.9062796282413 446.581910146452 469.37443252611524 456.54252091304437 194.647742327331
545.5722946118335 517.233925287952 517.0641632242293 536.5236630418967 52.435396865801934
499.8405249436472 480.5276417533704 544.1297575000315 514.7054931574063 84.64739985742072
400.0510778050616 532.2603617908239 494.52365442837413 576.0448126052524 91.72497939455806
484.9021502123398 564.7371918184479 492.2573920245618 486.186370472169 78.80270881850414
446.68330036842383 447.9956512323335 429.9065832006097 460.338430914117 152.0472492612933
533.9772386036472 567.2947349434903 540.0343179056856 542.3049884774317 115.0783125384078
509.5803456140234 560.5045362371291 468.83658331834494 518.1294455227159 10.663940594415944
448.39443358471823 551.3927939104178 479.16794714192844 458.3006466066802 31.38359549797833
521.5856047729269 614.6912051121016 501.83941293155294 472.9653173310838 191.82173173950818
551.2468943292148 519.6080761886618 556.7400058904245 478.1064071653534 26.874739160243408
508.6034637225641 516.0331910884163 536.0474633664505 648.2883569901443 102.22108130598222
524.0196117552473 515.5230725755594 478.92423422149346 519.1422662856578 172.6449881352674
563.9962846073852 624.1609266821476 534.1052958185687 474.741133057653 158.9376514442545
507.18265943717427 551.8859856908299 579.4655187366361 504.54730385845124 63.872723916853154
503.36443681504915 505.89284914304716 558.6623888974566 606.9783468778714 160.0632540958442
489.29089274409426 438.2513677923374 544.4245146435533 513.6364769883842 189.92557869635172
570.0843896662789 479.645500662599 462.8231981459006 452.248912858602 161.15304228925896
486.4456516123689 555.5534928187897 479.0444804811074 541.671716909105 183.2422374149799
506.4198076537043 464.962865248 417.39226374333566 531.8825383951643 181.98554164495562
444.78757578948546 561.2134063823936 472.87452931186004 554.4467954471367 192.37297341940786
531.3180874259829 544.6103893563028 465.6968819198649 534.5721206304859 109.05152625042255
479.53626126433016 509.7774644106409 600.913784968883 455.1955193887755 107.66601553250075
513.3992340575049 469.2632417729265 466.7755950938929 483.25097411339914 97.19345545023967
356.1417595197153 475.7994168530231 472.0038206159433 485.83610511650124 133.5193450801069
602.8824331462009 504.2198317958016 526.0653278581821 482.6813427739894 10.745739389558024
414.63274148105967 420.53559958566154 555.8941608839058 464.67675144627526 45.62361683150518
466.6171522726268 477.675940145112 534.6526504308806 610.0737072047023 73.92223279554779
626.436884667029 588.257619600818 456.2503733075814 509.5174591989308 182.4192650264582
511.9711162577573 428.4944939174516 483.4726382524435 494.17544678123244 44.824902721626486
509.75719909123166 371.29897012563333 469.8547067641207 476.6861049674082 192.26450675142777
457.9952366300389 501.2356059782644 425.423089549714 492.08502491372695 96.78880808174294
444.4245454367334 525.7807901507452 509.63110709073845 483.3576924862954 152.21536954879184
507.63027585887704 438.12407807580354 358.3740725094486 518.0075558149583 98.53472622385206
457.2801458170673 519.0562612378889 492.78954537652714 488.95475176145686 74.47699399065439
551.3407439513293 536.3011074915543 544.318406929397 593.317038128257 46.19172809462428
473.16057920761716 502.27159614819607 582.172385763394 530.578190782489 46.58938695604886
488.9005232182842 518.5926149757325 450.54126287733317 476.7683669384329 30.31652997386517
513.4440909737359 481.5063532862393 591.6238156243851 465.62415545205675 193.32051499644004
469.55368769132855 559.1489968331559 491.77165116762666 540.3290216898123 70.93186896820814
527.2179997278661 478.6999185128794 587.2887390175447 424.62810876594625 189.58518190813987
586.5545279844619 472.21721123920423 514.7206328063883 538.3029132141421 168.90870995812176
447.3462874362674 519.0646828839713 460.4131602084348 571.6032402203815 74.98666447081375
558.8805070270843 524.1887578789872 464.90939675232244 525.1433439802502 180.02165561366715
507.84531234445535 528.450524591169 519.4811360170644 542.3735662297837 42.75745949329085
527.2588636977212 498.5172657064485 556.5894711659847 419.80971109202915 105.22720137652726
496.72389427260225 511.87415491254296 515.7305434096024 458.79036048880636 117.89004685876283
541.1031505727855 525.8937134567201 545.3706245251065 442.49577544223104 160.38286252184827
472.23884905940446 553.608108917363 493.65425409132274 483.7733604367992 65.50392242118556
483.0553626403524 574.328765148042 463.1757464314492 521.147216907906 78.19288625440736
422.7377359592632 511.6815143734572 499.1844292719829 531.2457494297616 118.36294647612581
465.3642002400397 478.25601411420513 370.817361508828 488.06959599792737 73.80313816443154
553.3630351785336 517.9918737080553 482.7538450413322 551.5976692628603 129.78053129048115
564.174132516164 572.3739904146676 522.5654540861319 519.2061794634419 21.562558487827197
481.2882055372739 545.1217473925976 530.02700786436 521.8460175132261 170.7384663970122
473.04491941585144 515.5764635638682 380.43895169339334 530.9276728811128 169.1286652391729
436.63528135313095 512.8068664652759 539.3554561506462 476.666313506738 199.17886217892277
383.27217161033144 463.9006481759187 465.47320587745116 559.2106126041496 65.64611791130761
516.26031014942 511.13308642806726 469.2047564270303 505.4989510895382 179.35479473307947
574.815285201919 487.6384705222394 466.6258447245419 445.2965129287853 104.2153779977698
515.6101890719754 466.66602678953484 486.8938798768271 535.1142343838682 144.56121226014193
484.06586291826846 506.75290993272614 490.83852848056756 457.9929337240547 105.55648647812717
534.4555698028498 468.18050724277873 492.24684890573616 592.4812992748269 110.19874324212486
550.0903513854435 503.84037439394996 527.8985655073989 504.149493266203 146.64357177666767
534.1858292083567 502.5950863088002 386.8982065762512 514.1184293210188 84.10358239299916
600.652480098674 489.58555952254045 493.5326133964889 496.5138100692464 36.33983155023982
468.3082290159305 476.8638601128969 507.0378228331628 470.11486977583786 28.529882473956977
518.9154772648255 543.0399575807456 524.3524421659167 494.098540394827 112.6206350645422
518.4916170298897 516.9679635992152 523.9546091840003 458.7726841413628 174.68830881384255
539.5797356224289 542.8402002530967 475.22100562157505 593.1313659593443 74.97230691090058
474.59175261438327 517.083189867969 562.3500409322154 434.200666059108 25.88700557721796
534.0835683679727 522.1723364072714 538.4925835108348 469.5096354152263 99.85404495989667
553.8461917177328 470.12416708814385 475.3216035258832 502.3207756060165 174.11748760220357
498.14182988546133 469.4432354132694 442.3911545828508 493.564823354769 29.78583998672915
529.1927255686215 480.55836217758116 448.8840048170895 469.03694222525036 15.376807565105093
485.5051123893683 459.2699104974839 520.4080419784433 452.7580385083381 172.47179745336712
494.85994549876267 428.56228491169793 493.24313590476686 584.6335466633883 159.58514387051434
509.59154670911255 520.4247760782206 456.4122793444195 489.99325664342496 99.39899144622188
418.87459544325543 484.0335740713497 530.5084643945255 462.9421220877505 158.08010678182984
533.7459292395082 494.4776698200804 474.74589095127766 447.3897279140538 94.29964444785222
538.9272934745827 477.95273672771077 501.44760282724076 551.1602967598144 157.25035114207134
536.8032993686855 513.2308449059121 508.21265396076615 445.57577844660756 105.68022785328563
518.0235221831311 524.1438283938751 475.45039295546 531.4564841767385 195.7841474950992
486.4436402993794 480.74376592624355 530.9645358900893 498.157361784058 160.9747150155625
549.2668002837045 459.75933232580275 492.45273243688587 544.3899519710445 80.59529006530298
495.8912840599902 601.7670971547866 463.2978296394697 537.0288485922557 78.65953863407414
464.9076157216088 497.8735086781152 480.47646184942306 514.1055247756663 86.05983030118104
453.39313633563984 532.6626598097017 528.3180781023702 501.9159636381796 151.48227285776935
526.9804321177367 582.0637763329164 512.1853118265175 556.2340232440977 131.53163440304886
522.7248969020527 456.84609957710416 479.2062454439973 454.67087603697945 15.630523684850678
556.1484331136083 509.9379045796835 494.2414063990463 492.94297100250515 54.95102635881907
524.7938595565204 473.8308002016885 456.37508587453055 495.6273901447487 35.74743958322898
540.5292126005837 532.6471115052501 595.2867827472079 499.1009090513491 57.93531223043945
471.9370575785757 529.6268130580456 530.0310685146775 536.77580166995 191.94874160919008
534.602801777305 429.8649190891324 568.8225893509307 507.61954153620195 130.22847125772324
457.0014707019242 481.9849099255405 509.94382307514314 457.7581640863159 156.89602325567876
435.33915960775755 555.7390843268034 445.7451520567447 549.06012419805 34.44412392501856
532.232364345453 556.4007719421936 376.76989191458875 564.2609006266251 27.233328592408512
556.4001338779536 534.3891790481975 512.9357663273374 498.62967152442405 174.28388316224687
408.66012788268887 524.9873519347419 448.060699451702 487.2903321931536 104.71865462404149
445.3488314880529 536.1339870960459 560.0037140829277 501.22775507129893 99.9443141128596
542.5336352638346 561.4017870177753 478.6171541226123 525.875679447758 117.81748177666657
402.20427955834407 527.5254992942571 529.3059425852668 588.4714078037005 70.30048306807934
496.52630456311635 510.5220308964708 481.8561704316227 558.2342593956045 40.72969179056939
465.12119778486266 462.9109900309685 456.4353811775656 511.9418416658838 135.20175384294316
487.41815973019976 441.9858886026141 443.3286420065085 545.4615596374147 134.3696233201342
542.3076356213943 489.96744627903746 562.9442113178029 538.701310492911 18.334134311823153
490.98702184102234 436.5945584630274 546.162018825477 440.260829854073 55.007391023559485
591.5486545080116 550.333066263111 557.4092891602197 418.51203104355506 57.55988964688352
477.1248055721759 542.2908939523979 589.3351209009031 461.86020346230094 72.62079753422267
530.3345986021401 466.3731756577876 482.4423588939729 496.9187852491489 19.374841230413317
499.43698245170395 601.7008355826296 429.3984437009454 442.43534023956505 160.73425211792699
574.9500154570671 429.06888536249755 511.8620104617253 373.0530438384653 126.53115914704064
509.92616098270184 504.1930299084261 580.5395660511253 514.8488821261717 65.08486010920961
549.8276574798663 539.762488478206 489.4292986754345 452.1051060101244 125.3314351848847
481.26476960375 648.946561627309 442.0632626063743 655.8760655376085 114.0262764483643
497.7851604515921 490.0942859734977 523.2772711723454 494.17198340910426 194.45022703154444
475.7031570653498 524.7136898243574 443.9704550054913 486.65895035440695 22.546875860834515
459.2984603849811 498.756281808685 514.0684068380772 459.06684113977076 171.19283094826724
591.3554863502102 544.9923778575853 418.1381748599291 428.8247043721062 154.24743041786627
473.03078327988476 575.2249717639893 522.6165965584228 512.0399891129267 100.13671827025492
396.7245368909462 541.9541558444055 527.0114849924391 451.1866151245388 75.92114751590773
473.1940666007351 546.6609264245376 445.82379309259375 495.3097548937196 122.36717843621744
420.29262257747564 494.22935872961017 500.76203576861906 470.72244078896586 163.5504560335333
547.6955573559475 473.51788957916716 561.4085720067965 581.4214903942333 170.73200415235763
606.4060237088428 353.564211809266 511.11204483074914 563.1424527548323 121.84414928393214
518.7903360584334 484.7882121373694 464.6518738929592 548.9919917011725 175.3859631334859
427.9149082875738 540.4045257679525 546.6251704084171 518.7999998519189 83.8675403394232
539.9011248758167 521.0122871458649 420.54657116324273 452.3818656362 87.52874229964833
434.0509448261523 477.4662723940566 520.1247493115692 515.769853839557 99.06859355437824
432.98887937727864 444.0778575815429 573.7507479275372 434.56272878448056 183.78297215872715
481.36493060271437 521.2879818100334 480.139675822657 547.6733567505817 84.99443326336967
519.868359160752 483.8955023797065 537.3229565382319 511.98984013649846 175.70381935028712
492.18321462687504 416.8003799053371 455.694171249536 576.7192050526096 157.3637352383409
511.42870071004614 493.6563818216539 640.9060201743198 435.11771861085265 83.01869289522827
558.7288523145803 596.0958088661239 448.02527162285145 485.67929173799934 148.76883134065983
531.2664172324293 486.6521183900494 396.72319082175596 443.6318361127324 25.394545259105495
502.53766704713115 371.91856828087623 417.5517807081768 591.6036916096785 176.2030799214764
473.6676094462308 504.02435513042747 505.13674842958113 517.7126977353873 108.8187652810778
403.5870604705071 541.1669648147356 480.6919553128404 482.5476291577957 101.6389560484042
482.8516895141133 521.1487969124717 521.1506106204481 482.44059680625 12.524780505987742
561.1258858612803 489.66349400289437 522.6363861279773 486.6998108593584 197.03432247058618
482.63988411819076 447.86731712887274 475.1617440538276 508.57547783129996 102.23058701766467
481.4937979207183 453.71376620097146 541.0714623526497 450.5092546260468 31.150494184434724
522.6009681719468 543.0829786075959 543.8815131223596 396.74987985800453 152.19199471995185
467.322847665579 465.659679259303 512.9442726277741 575.4785374164866 30.37761619507645
508.7561236450574 465.7030636281023 554.926988634711 497.2903333430242 122.07527413685004
584.4745936958589 764.5683203703528
127.38679104810446
61.28270937924904
134.81150769458665
180.14533805812002
44.83448022952797
137.8454611090787
168.43325288597384
106.27856246811125
182.7456550552659
93.81286656933428
180.34355405339264
194.32290503007752
75.10529222408468
166.86970937544936
59.162598547189546
69.26599499688808
56.20459896403837
118.60435666570274
168.93413153624567
197.9764069588022
168.26629239042893
31.56936396822456
116.2309403976186
31.060323426451916
120.00325480122096
103.67301773030333
34.27211036734769
20.821542204013532
90.71589749899576
23.31341199471943
35.859396841697574
82.46204477940142
160.42237643564124
111.97715528430341
49.54788748895877
24.439550349378322
123.34183595803536
192.77286039918144
82.01073712291192
156.11526962070357
199.8146869277829
123.55510426704826
114.04031939431356
46.47943752139211
120.44495227683214
191.91763648947565
98.0480657136055
66.83392358362498
45.88848590033288
56.39508826104418
