100 120 10
868.7081564155461 870.9137424231466 942.9820719235254 942.9820719235254
258.14679487918 788.36903525175 693.6051194278176 693.6051194278176
938.222869568592 676.6942562208836 245.71859021673504 245.71859021673504
120.91112127815617 970.9682257807665 96.26346914455264 96.26346914455264
60.121586443831475 88.61525146757742 570.9617728899186 570.9617728899186
520.3208242146702 310.9882144581664 423.0383158232091 423.0383158232091
810.7356806650969 536.1406015286665 640.4969827460878 640.4969827460878
882.0270889591366 607.8298732007435 35.29437045560269 35.29437045560269
922.6937913212812 18.418594878107154 263.0455518078032 263.0455518078032
737.1961981855233 989.7954889831092 271.17317711353905 271.17317711353905
390.98047904406695 437.3885081447235 539.8403559367757 539.8403559367757
638.9590855422251 939.0749173449984 247.37556179134913 247.37556179134913
248.91720155362995 275.22555044857734 934.6201637217241 934.6201637217241
740.7419706053835 230.78784313678403 775.7448430961153 775.7448430961153
302.9154379050433 398.38141650491286 992.2534084064259 992.2534084064259
751.5970365456253 576.6395064355594 718.411349097923 718.411349097923
662.7015831459083 794.8912442348111 77.11532632718688 77.11532632718688
47.12795042506723 928.7871856220039 832.7983657390749 832.7983657390749
732.8163305090355 607.2826407884784 620.5067268093943 620.5067268093943
559.3315971125088 595.8031349000995 916.5788419112185 916.5788419112185
441.541442828595 910.3357579361331 15.817246777172556 15.817246777172556
694.6544778436023 550.1592769801134 852.7106966195211 852.7106966195211
875.0096467171694 301.1077714159491 480.7989954179218 480.7989954179218
936.7879210119695 565.4476521663674 975.9683368131996 975.9683368131996
157.10382558209236 518.0491781416525 918.2314224806178 918.2314224806178
979.2040527284504 111.5896892938899 34.92624375702891 34.92624375702891
369.8541813383695 986.7034724954749 49.4219487316373 49.4219487316373
202.15940104107878 257.57676203976564 907.1404100974255 907.1404100974255
544.3927947974322 401.3955959339153 869.4008986630106 869.4008986630106
59.87134875801203 183.8231383110871 140.31186489431713 140.31186489431713
269.12740883837137 195.478713564072 778.3336631523325 778.3336631523325
475.7977745427626 290.0017958968418 338.5055662064945 338.5055662064945
259.6467997294434 27.123044282782118 580.5864523066085 580.5864523066085
657.4275543783594 299.27248717409617 390.03783855442987 390.03783855442987
313.97290308300694 213.2945383001913 911.047068986095 911.047068986095
836.7159318748588 206.1004705247459 542.4330521886217 542.4330521886217
437.1251684262275 381.4848891727218 547.7148628886849 547.7148628886849
318.2754473274272 392.40362035835943 369.8910450046753 369.8910450046753
560.5651092174761 476.9189534464652 500.2395395800473 500.2395395800473
874.6593670596516 745.55442129 749.9947219889548 749.9947219889548
204.9401468580121 662.3795054341812 726.0013446545414 726.0013446545414
966.5515536005366 151.8024646532663 68.9262949596372 68.9262949596372
638.6475251888718 578.4529139591746 818.4898800622319 818.4898800622319
485.4029288242111 309.97222891721367 8.250702383873264 8.250702383873264
570.0904467577424 893.9142822134442 37.15274042794747 37.15274042794747
717.0314325320371 412.8302440294613 431.3624926389227 431.3624926389227
178.10072667354237 69.13371195181296 603.5490865819523 603.5490865819523
6.928833612578678 877.3037231105112 83.98255810935996 83.98255810935996
332.8527601493865 779.8000365430028 275.5574250358729 275.5574250358729
171.4944761198417 969.7736252059034 50.629638067186676 50.629638067186676
188.69650898339597 503.92218503354235 829.5509973534334 829.5509973534334
44.142263503994414 868.9521844407556 167.78058133182205 167.78058133182205
940.6874489454741 361.9824089380719 229.8681979752102 229.8681979752102
671.2043611251875 436.3955501879611 884.47288584552 884.47288584552
428.1941550296361 418.27977593843536 945.5692138506911 945.5692138506911
579.7808160920134 723.4904885016568 382.3912531897366 382.3912531897366
441.814666424167 300.91623752488607 86.38474669770201 86.38474669770201
228.1616240307871 33.7931667207263 120.02001545902874 120.02001545902874
43.93539349067643 178.54177708991216 772.9262867966062 772.9262867966062
219.1740473023239 180.88755298752923 349.23128648766055 349.23128648766055
948.6170370109958 843.8891940537674 430.641386446067 430.641386446067
107.78426642170113 434.4693607339849 567.7185974049171 567.7185974049171
23.094004108660137 897.2930378654281 502.66188057021833 502.66188057021833
666.5094710616579 531.1512881579749 316.97440902969197 316.97440902969197
271.0253523412364 797.8012221949849 413.60676977624513 413.60676977624513
285.67297263080604 41.523638621356 213.04894943558116 213.04894943558116
236.7365672061066 855.1524011505929 484.5655157944624 484.5655157944624
780.2609513218036 331.29412076961904 606.1171402117255 606.1171402117255
630.0434025774806 72.80544307220515 898.9016814806916 898.9016814806916
251.11703347770575 331.86909439803514 804.9192193550905 804.9192193550905
112.85044100698049 120.37202028790783 749.1808644986853 749.1808644986853
805.4361409237548 344.5279103383608 373.42978741481704 373.42978741481704
611.5682146938595 613.2174037076817 657.4410234517711 657.4410234517711
879.9971630621867 142.38139584416876 609.6489941373668 609.6489941373668
223.49529249035237 307.6579049656878 454.1871901675847 454.1871901675847
630.2988655531033 705.5936349082702 950.1989818742261 950.1989818742261
770.6618688555375 782.0985643019822 925.9065894879205 925.9065894879205
349.7416079148695 27.88626390797555 709.4472726155402 709.4472726155402
321.234421823139 667.6178546029381 696.5647059052322 696.5647059052322
165.2229359083537 566.1330302690459 258.1680178193527 258.1680178193527
546.4313657706116 515.9203412288548 895.4563397008628 895.4563397008628
318.9918025213844 69.8914316297028 474.29159639156114 474.29159639156114
610.002094341382 948.243179929814 381.94976340078625 381.94976340078625
191.33360670823606 724.0076417545478 57.08106868997809 57.08106868997809
397.6725894831665 815.7148773395157 947.0770352968566 947.0770352968566
844.6334564326592 764.969549409957 86.11413896264675 86.11413896264675
285.5631573794587 719.8303191653677 92.58613183449738 92.58613183449738
276.5927409765988 990.4721223870342 27.737730488540556 27.737730488540556
319.4346075166177 391.11905762263564 699.9860551489771 699.9860551489771
758.8500347828068 871.6982985549756 244.20122733867456 244.20122733867456
630.7212676753898 104.74854832653946 145.2790021169297 145.2790021169297
606.9841888035996 299.1075866769041 944.4641523383714 944.4641523383714
150.66077751918817 523.7176959451452 189.48872594218923 189.48872594218923
478.8540629417827 345.0637254369641 430.71243142322726 430.71243142322726
200.43177568364035 103.46033165434865 280.7573721029714 280.7573721029714
830.4554911758459 810.4216526768986 440.9067349210443 440.9067349210443
333.0626415503327 466.0923885683991 740.6976802122024 740.6976802122024
471.9532543772027 737.2333636758708 365.2256581795003 365.2256581795003
881.9757340846122 958.200191316277 675.8516195369126 675.8516195369126
261.2720827980708 516.0210635569474 123.0550368423734 123.0550368423734
915.619743010453 354.51995566168137 995.1692460679185 331.0531354836631 101.47043240084213
742.4633471184172 527.2143038973891 668.8879348074743 514.2108981410587 134.98301382413155
499.8397851045623 219.8920748323564 729.1894905000045 358.48010827723556 167.18514226485624
26.860533317977996 33.399713138021255 74.37929861596338 424.69022843760996 133.7007237311027
749.5344819766522 672.3187300544105 825.9569797740601 186.18846599122597 174.52631034999007
779.5202524425798 875.3627302196137 400.0637331943888 442.0285301353152 169.1494195609647
787.4776905128113 246.73518437640197 270.9313492622255 508.16310448041037 38.081109935185765
280.74907114100847 720.132163221154 457.6441604294114 131.18388709902874 76.55786056421451
723.1489615837869 835.6554423238896 444.1785904471455 681.3093138867406 155.5824025500552
404.8599122331932 142.6263929146786 638.1975701448288 219.80650635026888 58.21206107921814
681.9218816089467 163.8232478252226 40.546750810410146 681.5146815733393 183.57166229828056
752.2929575745532 415.29186894529835 4.558145743694397 486.9030214575941 173.8275578298346
379.29733402152544 807.5187397115434 547.4600146032857 112.05715907246339 113.8950604529059
289.4432356455359 335.9430008132368 886.4022478953201 351.689375747002 174.00109285741502
501.68701510086953 669.6842381240891 725.4296232912961 452.8664751112945 112.14932917534495
746.4693054822676 75.76758599477817 349.40349535748436 859.4402956561709 57.70319375549459
828.1033239050435 971.4466199692109 84.23230093012491 763.5600075700308 65.42837627387189
211.83475677713204 319.5006092125598 973.3030189878302 926.1820022131998 89.03686624595832
981.2145080369838 501.2776206637347 176.80826131238913 608.8383354343197 49.54942467264031
332.05969387414257 291.0590770810366 218.46632745326622 900.3645997203464 54.76973967124948
931.5743941749487 74.94766454871282 643.2819374579485 61.739619800718295 167.88828459058877
276.1371610906463 610.4690773197489 286.47506476646555 727.1886493420036 153.02381607096117
895.4384860300579 902.5927622625009 329.1112270554857 258.41632172720784 100.52515018268318
156.2949342507204 311.70509567181125 787.5280684714152 260.05049182293305 137.27325809030089
64.42887286414967 833.628067089292 474.221311190114 127.5115856153376 29.561771748483682
910.2604208417447 766.1014571400594 715.9031176873162 553.6092623119347 19.970037948878268
684.413043804936 255.90600284835276 924.0817017788105 597.8766151220794 78.15385136076839
744.9125538683295 702.2842118739178 204.45707238353893 294.26783403971547 14.922585259318211
361.3121150027443 762.4303754774664 549.0361269725176 800.2848572523066 196.4127962974866
117.18149923031818 991.1108269595628 280.1189859941692 876.3991827234297 199.44422414730735
113.15652912536889 567.1026750563967 574.7967065681946 521.9621352480956 189.24225428314938
885.28297985812 372.8946734843468 374.5565389577368 16.438120084948828 160.43699135503627
610.5581650874775 50.39022710699237 324.86548361884684 447.1668186859148 32.228322232293095
701.8512721721694 844.2295913139337 657.6739798344757 211.99843166468736 146.3703388573286
251.8695781594803 746.4702265723772 954.747406306749 522.7175605733636 92.70898999796881
940.2609482987752 993.0195287519841 356.32506885113645 799.4632819846632 149.66104998171534
204.6530316397459 545.3175842093505 118.17135211494568 124.28013746487387 20.387150226912887
446.40439644155725 172.85700646174607 96.60176640029673 841.036878818749 165.5864679589669
311.6827250978502 876.3688719988166 147.13652084269125 567.3896636034412 64.57089081895134
190.4181892309058 41.68318151291261 965.2860331775847 581.033794551246 20.612879758578458
807.5559573223132 164.8083241993531 250.45323587543044 906.5976786688481 173.04102865551636
456.32882523576603 654.7014242628433 424.5281837820324 751.2215744455497 150.15806164102247
121.09021722618118 907.1860110306617 439.54946710671015 896.798415412337 118.3449331711079
552.3137403496496 997.805672296836 433.5421028364352 576.3217379574895 115.31433325250993
649.0346545776815 299.9928483684796 375.66461631484935 452.70179413828157 154.1518642879469
150.25109479286448 575.3232295470038 132.08450224455882 933.3123906875061 46.136887221409175
278.2260743333652 472.9803256270386 99.1551742021397 935.5858823291203 13.300873990154903
270.4580372210309 424.6612062448669 222.7110183927603 751.9657192299591 23.671573996898438
606.1712255344117 28.427601123443445 649.4872542791686 120.8741548465091 176.92058208500765
615.9933008028605 720.485179940306 752.2798952037753 409.09236079108433 101.09573563853355
264.13861387498804 768.2223666606865 913.5929940536531 755.7486151252007 55.06008513941995
430.62725941847077 952.346603038032 337.8990277513164 565.2531415965159 130.03203583385536
482.19452007749743 202.53597683807868 650.6197494342014 202.922342711917 183.67251400608038
305.5586705543779 512.2159220687336 8.489899185827209 620.2388850446611 199.34504618805235
52.21984585153439 677.0374160718012 532.7017911987771 784.8600990399714 93.53422657934867
392.1838792593293 412.16639084241245 740.3681543709789 722.4067746619174 180.3385473288278
142.7954794657348 730.0047821875355 214.2364207061821 92.1495559836587 157.23102342463298
291.70131428093293 767.4931472372701 453.7165579917868 57.00200576060155 73.25132551678416
998.9458619637846 596.3570252259279 896.2477311654864 700.389210859038 132.13285454033064
487.0598105814817 626.8408527696228 706.5536264044256 959.8814794247742 161.0339031789263
420.08168877876864 612.5425149660324 587.7728130135554 451.8737264550757 117.21532384520054
558.7368604832651 708.4527938033733 573.7770079983094 255.59619577335235 17.528374445823527
51.084466542474225 644.3856339008208 282.806694557986 701.5213780425975 149.54216129979412
583.0585140217435 610.4426973266826 231.08753265223714 102.57746741508156 90.03904877872485
944.3271863878574 559.4057390158656 569.1941988589845 700.9019630540741 192.54023854609054
50.24998337488973 103.03014094488616 577.0765052908565 543.2115871099896 51.76108673858058
554.52647928851 195.78820121533235 764.9578586456828 599.8881998536706 191.18758450149764
359.13207625653587 181.9692499498512 821.4851623760661 902.8762236370892 125.2354974492059
313.67420821845525 242.09967470789084 537.9032533607808 382.3670447477029 12.675016834894212
446.35523665468514 664.9394469104367 343.62204806297314 159.5512407672136 165.74757656663522
199.89666674817198 935.0054540909289 105.9443959291948 420.6121286262087 71.74107139674285
390.2897761288 246.45611276796174 282.15020661874934 414.4055247507882 176.92748637832872
261.94252011787967 506.65948576685383 538.4430403247595 232.33186985960063 124.9350321451303
893.1672241054245 91.89819251922182 255.93315377175395 633.8004513064553 142.50933679333806
890.1007996148187 869.1026622071483 382.95800284175573 455.07236600354895 72.71929729676165
389.79410296748574 247.53851168699038 335.3549129975668 904.4397492320059 177.7418556137464
734.7031427560348 109.91831482656067 827.1517040025599 14.568234560271565 73.2345486562728
157.1366478819337 371.00215831513196 884.5056837126689 545.9345307388925 65.02001188380055
564.9649641448815 991.5584928875373 872.2027982779284 956.7980730983373 130.34224247649593
206.3006729683976 545.3666877233305 176.85184100510088 558.841516063616 146.34344967963088
33.77239804394105 796.1683622437483 541.9251605996285 437.91618290498326 85.32047902640188
926.9081979325617 230.15764201127075 750.4852223498144 51.27104306030172 194.84225463047005
268.1234236139872 538.3999815372508 980.8956403841116 921.8953697793602 198.38201825206679
423.5983144165312 723.7814548199589 313.772959606608 483.45125847978676 20.20141824348343
440.28262701262423 780.6213511282904 405.2437445946493 722.6302043216983 30.536446477604212
235.3568159670626 864.4770818827309 638.206269143212 797.1731201720563 13.938218058007912
991.311314563187 28.08994010085275 261.3585577649473 645.4142741904673 118.7299416211731
660.6054323425528 80.65654184328596 282.4727416189398 755.8307320628712 77.43655033497328
976.4857838085958 956.0745017552437 620.619528616712 632.1184389674473 18.633158797683475
224.45821545818978 316.54426608380925 180.25322121799914 110.80979329529417 84.93290637934135
81.21818318848895 526.5730552283414 792.3596059326342 995.0618565413525 158.8453197415076
919.2789457452982 805.3132225966858 93.97133193605234 531.2667433398993 198.51234161702965
216.4462482978994 389.18832106346923 372.6200707763255 36.4812190096192 102.04543673297427
725.6503326511338 139.45552020739404 687.6996951897747 586.8796651407615 100.06078961114939
244.05911601024943 828.8870358708377 462.85885098163305 593.6676763189877 80.12258585449503
578.0921091386199 596.9144252432058 504.6540194030448 456.9414334543993 115.20228856059256
305.7790544843726 922.7825166708471 590.6251815367 324.25521800928436 139.39809017237596
378.34165712332725 221.54285189702983 448.1823080519773 454.20438593257927 54.91476692800428
433.0191050971716 498.7447863224783 943.3149344990023 351.8081569390835 194.5237947707595
878.7375190050385 727.7437877205465 459.8833650752502 898.1753062029619 46.87344236076944
600.5896760684232 950.5561548463037 886.4728589021745 228.7693949019959 156.78203258890264
259.22273688914134 901.6856608962287 964.4651450645931 350.09780406302036 69.94275819602866
153.72737962972172 957.4941804967912 379.7093165736224 41.99563171025211 118.57170971901033
3.7112369349189267 805.2763215495926 308.18011980677073 730.6492083524055 92.67109172078173
585.7718718257747 680.6384538250581 826.1506040306041 885.5189227967986 115.55891565221374
245.03730578089366 754.1168964879901 856.1512804192298 381.41732153177134 170.40078397431395
972.9177091561666 63.86128679422309 95.44385208022132 855.838886493594 53.98415336563173
92.43478451904197 736.9468584247383 633.6292764543995 702.511712297275 92.67190281139467
982.8195458679635 454.37635425904745 945.6884225087746 186.96357966153298 41.10679501995229
581.4689630222454 671.630293060836 397.1973476518561 601.2037347286981 194.17270418317614
265.4310601487494 875.8839099217419 836.2681787032707 135.58085097399808 72.8533448466207
793.57081511342 651.5223980949062 804.1674864988709 620.277728993924 81.49277107036772
207.30913291462517 936.7650719244232 171.4096265401126 751.1566197518099 146.011148542245
380.7999197806322 126.09454340258253 911.8878459532083 279.8155319200463 96.50531216166469
484.71664846611117 536.440963745054 343.39320517601647 721.4201223648477 22.334593222976263
201.18882266346117 780.9848522984703 583.4080001048629 862.4251961116822 64.20000472663689
586.2085902992204 244.9281842600115 554.6960487575632 70.61043148839197 73.73493682264736
20.997973582803308 735.1810032052525 501.92491857784285 599.4641589650922 171.28377322939292
491.98792579167105 473.7844297756533 289.9467535166196 606.0225024536431 69.30657516675564
272.43748991844853 556.8301616999481 403.65957548853515 974.5955724798121 66.65852448974181
551.4107823249806 263.08425156243885
309.3393282162326
30.692967154754193
196.66094243603953
191.90577220044943
167.17391036186694
28.602721340869287
82.18892299141119
112.62292541015283
14.99596731218169
91.68019147878623
