20 30 5
339.997522009385 787.8933955252056 161.86274917118592 161.86274917118592
425.6154262778473 932.5345632533233 352.27394167364514 352.27394167364514
515.5183058801248 305.7639079472063 129.84854554832847 129.84854554832847
157.88727833948647 729.3221752485707 816.4173720365006 816.4173720365006
586.1022132731363 317.78224651875587 801.2166074149973 801.2166074149973
125.33468853607022 890.6104626078344 734.432238778578 734.432238778578
724.7063663094149 984.6755704990118 44.02503467725416 44.02503467725416
401.0779748864115 831.3364852975972 746.0612296112789 746.0612296112789
504.14973335073574 96.92112383329032 865.8091000876 865.8091000876
137.25519162005105 15.41381259063046 564.3770589840468 564.3770589840468
33.27716354838528 389.5701281553158 458.23484744647334 458.23484744647334
507.88639806234295 126.6682564648296 514.2739425305708 514.2739425305708
438.31259207280215 786.0083481824627 141.94201535246088 141.94201535246088
268.7319151306215 528.5281440004962 730.3798796727376 730.3798796727376
874.8567207660672 809.0878226532615 389.46340397728864 389.46340397728864
360.32247066139456 776.7817990734527 249.40593167920954 249.40593167920954
963.9920332645414 238.88313817140704 507.4278088003463 507.4278088003463
766.4719500970257 993.6601906609728 838.393333401785 838.393333401785
660.2165754142414 593.3975403874408 618.8242556588467 618.8242556588467
532.9664301208722 111.69833528947338 163.01537371727193 163.01537371727193
22.205936692091587 301.9252490574007 251.0525191098194 56.63281347227323 143.66795519746006
21.918045196414493 819.0353037346624 18.415509293421284 712.8443419299357 149.87337878660782
656.4996206170994 614.5375507485614 968.3468060829223 203.6363799623836 135.99052100745263
468.47962726634904 825.2178828830281 743.544447294482 723.770435130291 115.68583829070116
469.1066673895045 260.5685072777314 790.1102309550485 234.41891194416274 120.13611229910315
297.9784768757583 407.4367959821651 721.9033025636137 619.5727025716537 133.68417902514517
751.128263059653 340.46748134182224 347.5870336154069 888.9406717219307 122.59938157577423
966.5930835107995 291.41551310600835 317.7525338718118 354.08677434502954 112.34590997423108
719.6562559381441 467.920773871963 669.2846895315662 924.2659578646079 136.7612256140294
252.0199586917641 265.4850098619822 84.92665122296961 875.2555699566252 148.50224314016396
204.38662891132066 32.25009494832476 905.8059059397056 229.25924642405414 137.31777805750465
482.68840119366274 474.93639009303735 369.6402407097562 40.62432061348942 116.44772703121569
35.012976860070324 39.284040891483855 61.70440072931205 657.7385664029354 120.63588767962713
397.76281805750324 765.992344457068 601.7904520026182 376.2472121821766 149.57364459185496
662.5112741313652 273.04273842835914 418.84321957926215 715.9809637927847 106.8753761463577
974.2672176332028 410.1162569730578 434.3327556907628 950.1538206860965 103.88422579339817
380.4356150955901 486.39603656230514 262.4922416059955 50.04484464674397 120.76482671604526
468.79897279012283 708.3233063746948 395.188599746969 144.22011192597583 131.63967155268404
751.6021637310894 950.9261673491052 854.4092587664356 144.1950641997778 146.24506230416688
738.6812075492023 300.3532506141745 127.27763345445919 777.2324414635287 135.81018112262007
491.0458668581227 974.5454810016727 336.4065895184389 763.7860445836513 103.39058694394454
631.0372301906912 485.00980561723617 609.6489379643143 857.1299047829112 143.74923198650316
107.89340294037531 929.9910131973637 393.41375016926895 454.27917685546623 130.57834474318963
858.1517606182286 495.6668420214545 976.3189454374974 221.85450006635588 138.3869830069778
66.80237567328395 928.1372680095445 56.803292606821934 842.6407457684928 118.69548570296936
313.617733238455 468.88683241830586 679.3069086468583 465.9345715553539 121.8468442506308
93.87573195978327 517.1393211338063 986.756233476012 578.1871278808674 139.07018136602738
226.14959438669402 794.2927124143283 778.490618471663 843.8720388938937 124.39738886397845
522.4672722838047 691.7384364942691 936.699750782143 497.01408664595783 100.98464100731715
896.5769674048256 640.2790964128485 83.28904478194521 291.59925376429806 148.4211761027181
304.1325557121182 502.4332634761213
447.68423645558084
698.6423029150144
884.4864907171091
899.0207556345758
779.1246479394963
