30 40 7
547.0244163504384 896.504487783784 803.8359919014208 803.8359919014208
740.5096267912552 395.42956084156566 969.7326983372333 969.7326983372333
226.672883249306 659.149422646529 274.7330138548054 274.7330138548054
552.8213321503877 327.584919928526 445.3248658799772 445.3248658799772
141.66070237357476 597.3720867797781 347.12356104460787 347.12356104460787
47.63550982713771 187.03104003016958 435.2172437144609 435.2172437144609
559.5483346403538 229.20849743231753 176.766816553536 176.766816553536
798.7425164317561 433.4566195138427 934.212675314658 934.212675314658
139.6880146908831 547.3095572935288 520.6801093525658 520.6801093525658
937.895121749453 939.596261907519 128.5894352651873 128.5894352651873
861.5467179942538 687.3968618384134 206.22989448905327 206.22989448905327
776.563825626978 656.8483866652678 373.93586305729866 373.93586305729866
84.10328339113104 908.7995622539908 780.9258256247772 780.9258256247772
124.45530446434528 154.39137887380372 695.8666985817882 695.8666985817882
477.31665819321677 644.915799250263 279.472178706417 279.472178706417
956.4357689522958 657.3160574257092 727.225567008369 727.225567008369
833.2642508272664 874.6053207815123 506.5439921211139 506.5439921211139
361.7274470001023 343.08308013679147 597.9174238981377 597.9174238981377
312.40106093774176 89.9349152790776 226.92085255450723 226.92085255450723
772.7236301921889 820.6518713896182 927.3040959030136 927.3040959030136
509.4911469036254 691.3615061346538 179.02377839952288 179.02377839952288
315.49320539834633 912.916942345636 734.1343994902196 734.1343994902196
834.1154551671791 728.3523219197347 883.5657964024598 883.5657964024598
750.023239445314 90.62691329385186 775.2703720000369 775.2703720000369
92.26076655771564 521.6053642171925 805.9401913371821 805.9401913371821
875.4741346364216 164.75017371935675 552.0090764027742 552.0090764027742
828.3466858690992 852.447886387798 549.1351472111772 549.1351472111772
464.19846586314463 134.29044809844737 981.5896094063856 981.5896094063856
941.1489324380344 85.65380514443643 403.3767457070818 403.3767457070818
758.0014437564638 407.8443821658561 521.5130754461608 521.5130754461608
919.5484226225886 759.3670681857436 499.88363845300773 737.5367225123333 81.73565654136367
203.24221455583913 355.59311185273026 82.70777537351093 417.96013521424527 66.51978938123588
538.2765105868331 603.8977645117958 319.68426284539265 448.6718385703785 185.90495369979453
665.8299036077602 103.19297860388133 147.36817458522356 519.8214776204201 62.847011353195036
577.9060786066161 559.7837976575415 579.9892562518503 842.7149241375001 99.1351318835941
556.2329250741772 396.8947033098137 835.1294689842098 773.4654926027076 40.6037133939728
612.9434170221067 706.4759106993041 166.2300953664233 731.8148383368643 95.79578333477635
450.69162944396567 588.8847785420435 667.4395913194737 501.39983779487216 180.99289750667114
953.9643712383507 723.3745120061575 474.580806867134 781.8930577824395 104.64784171361053
125.3312366219469 792.6297423163966 553.7202399045243 794.6321509479641 49.80773357236601
900.5814561379211 734.7818520120504 881.3139861791149 33.487642934779124 172.9325264513778
541.104787530003 443.95424442804267 28.160262185432995 254.3396237732809 98.75586714482917
202.08412045021618 603.5931835285797 480.01033219182784 252.80611598938418 10.595517239998449
718.3096664578397 574.4233451671748 992.9032524689319 274.57831275823384 179.89907515350887
808.5461858196758 320.2418617597703 688.947354573103 310.28309935500033 122.36600457217406
462.8655439002872 29.96940638638934 761.8496659430934 462.2535525122048 121.197052641797
699.29642402585 564.0774390745519 660.0943740588834 839.6031413733477 192.54667206257736
626.2695818873608 938.9937017762727 544.0197484995123 486.86294867428694 159.50312671722264
560.999290228136 476.26959416560186 31.492200996341644 17.063031774364635 114.59673433687827
82.12069695185053 836.7112603367705 631.4004607390885 380.0616971992239 194.82730961434706
354.19502679501204 176.49505484100692 456.3976587351847 419.31163479503374 178.37270654621105
884.330899566965 986.2969231001736 463.42605341366584 63.88944476876557 115.2713410815925
354.9992772436469 580.0786938927839 515.4247754475476 566.920094612792 103.66622574377328
135.61926620480736 602.4294394346515 428.71846255654236 676.5369618276605 101.48433271450577
87.76447665357934 627.9239962868935 72.0156429830312 941.8983943380983 86.34933659299205
939.6094642434804 879.1197435199466 734.4405188083376 85.81953041541313 182.73680187298356
674.8563635524353 128.4820537183571 866.9259159320218 979.1890886408555 192.87796538392868
435.82954524522086 951.2483801648043 924.5908850556388 833.0639267949588 105.43571455508325
521.300806644021 29.17255660493323 164.01153588687146 775.3327201291162 180.45601787885082
324.1381206639198 178.0260923835364 660.7970932586908 633.9036424900055 159.99216556221157
924.9077892841378 84.08413409201631 557.4540232184976 31.913580181244015 172.13588577774198
473.5784763637313 426.63091557258093 192.6389458096276 477.5174541171644 51.013583730266255
156.58056218503623 565.4454803598799 629.6646064611948 57.058355897558144 172.30555573816386
180.38821137181438 355.56396986668415 539.2612035154938 312.1341983144582 140.65085976261267
790.869852538461 878.2726875377497 9.457535929635386 485.17466555065016 145.13609292218155
390.86895643105015 49.805099354801484 780.0113797999472 282.16698264123806 99.13133311133961
583.4347264212317 680.7626927850445 521.685681809944 743.280228974001 133.85266169136918
737.0469255293056 743.638946827051 9.064645289742156 491.1276872367457 62.81605534974965
989.92264493979 387.41598126144817 542.382536927685 191.68746001520708 127.3331012607693
546.5317601603255 782.0606792050156 447.4746597013798 304.5131328156431 88.01539674622211
174.65620082760591 220.96404413158265
16.725057644234962
86.40490554734968
77.28941181117114
67.94027273353396
69.062803420586
36.329606156590295
346.5086679119831
