60 80 10
495.1676738974451 452.9761656090818 542.0005858193937 542.0005858193937
473.49302550090425 505.416268966819 479.2673783345703 479.2673783345703
568.7345819741756 551.6176634738074 527.7475924937494 527.7475924937494
580.3607023502907 587.145082063729 568.0528574221487 568.0528574221487
534.6819655166989 425.52503241571344 499.76870315236874 499.76870315236874
496.71184504506283 484.77419749188846 522.7826616012381 522.7826616012381
513.00619626262 512.6107781038263 469.76148930158524 469.76148930158524
533.059769946275 532.3171769196671 472.46884817442117 472.46884817442117
488.52002744004767 484.8907304118937 527.6847978857622 527.6847978857622
502.61504136941716 464.13070786649394 529.9831809413959 529.9831809413959
455.5037225684852 534.6715778310664 489.97924178287207 489.97924178287207
457.2004479405119 373.73157172457456 487.10667819254854 487.10667819254854
494.1327990428385 574.2244288183899 433.3447850299004 433.3447850299004
565.2630907130795 561.1785835145806 532.0684784013337 532.0684784013337
389.019633790018 499.7933925932778 454.81899295477416 454.81899295477416
562.295906221194 446.89396825336485 457.71673524920874 457.71673524920874
418.89793538490153 493.98439422024995 421.35897888515325 421.35897888515325
543.0222041011531 563.17150399967 470.1412590263941 470.1412590263941
482.3979249542715 492.2121805743865 611.6744224321455 611.6744224321455
473.2213165986856 460.3829664987757 585.9376443809882 585.9376443809882
498.96739603519836 479.6480328821771 508.9846565469051 508.9846565469051
515.1201812849331 458.2076452260631 476.3814233660577 476.3814233660577
471.3860258080496 566.8796309085051 516.5905537931746 516.5905537931746
476.15252865119015 450.3030740620961 575.6435517935988 575.6435517935988
405.5411360399341 590.8527590359233 550.6263278247682 550.6263278247682
576.1226733167955 527.2597157395887 466.41947245548096 466.41947245548096
512.8550487841057 527.6065799659231 489.0634364058417 489.0634364058417
419.956032922705 483.3361794684723 507.87414473301544 507.87414473301544
512.3010455075026 574.1892147159126 584.3874153768328 584.3874153768328
543.7519097943866 554.2768883360962 491.34381986650743 491.34381986650743
397.4068141625771 553.5704968735249 539.9361446547775 539.9361446547775
481.6770337402355 519.6180328790808 516.4399738357126 516.4399738357126
482.70296047087106 376.2352211211071 515.9455940296781 515.9455940296781
488.37443481966903 484.98948218888887 504.7473463597223 504.7473463597223
507.3460889453238 485.2469802354076 512.421322258884 512.421322258884
503.2439607807951 476.599702096866 486.578097398699 486.578097398699
478.0034142735441 495.75267192644543 490.1100768144446 490.1100768144446
524.099464438209 595.2352002275613 478.7488123872831 478.7488123872831
532.700882003866 457.8364800068814 519.9914888019248 519.9914888019248
563.9312942385636 571.0330789381629 462.88684965070854 462.88684965070854
465.57750373396084 614.9975349119297 518.2172413382757 518.2172413382757
505.6453666735188 468.65563770280943 507.90816630909194 507.90816630909194
525.6681702124129 477.50692786547427 453.10427210745394 453.10427210745394
448.1343521154665 470.99662525396263 613.3651946635977 613.3651946635977
456.28262111262427 435.77569442419497 396.81515681174915 396.81515681174915
524.1372171716049 581.2819805439617 490.25369386636106 490.25369386636106
454.52763647950115 478.4483159967963 547.1069203699467 547.1069203699467
500.83411550972033 508.84333949719195 632.3935123578013 632.3935123578013
491.20644582782256 493.36883704886066 469.7940607863882 469.7940607863882
555.2653922837441 516.5246364824428 437.5835145506558 437.5835145506558
565.3337202161686 550.4808784650745 601.383665379567 601.383665379567
482.86487599196647 488.8174020531742 570.6137644048721 570.6137644048721
551.4820594732508 531.1004694878325 437.36884378466715 437.36884378466715
438.32580734036924 525.2300374725618 468.4243182829881 468.4243182829881
548.2893190722602 539.5682615740318 418.7283242206889 418.7283242206889
530.3160797585989 611.6375637365114 504.6117343397636 504.6117343397636
530.8001328681815 523.1192296317307 509.19760726160376 509.19760726160376
548.2291468870185 554.2803881730929 499.70168921782533 499.70168921782533
512.936467604351 500.8748679275868 484.88120641910825 484.88120641910825
512.2174298637964 466.1400655381145 432.9616792493158 432.9616792493158
477.1155630529104 349.3114221673628 508.35799072961646 515.5865942704531 46.22967691881117
581.4462252334617 540.638663613541 515.3818530647815 518.9789487782485 130.705676710325
564.6033811385244 537.167631861789 447.3720476069316 578.2210219994719 103.02407877887995
505.8391581875615 455.4968309522714 413.86083251120664 483.5400523099062 104.75612347228078
552.1214134535505 488.0403893313098 501.7251793966207 464.1485679558547 112.91105259165748
559.3303910516106 512.1299235470716 336.10264023127934 568.1469056382684 77.14072215503747
345.6916341790784 512.6012510393697 538.7227917154405 463.76901554406544 172.27175060304202
537.980992520174 540.5567015309911 491.2439826755054 464.3349790524878 134.08630915750712
509.9349883640356 448.02950921510825 460.85873765933354 413.99369516685897 171.50564799830389
627.1698719642434 503.44037001993064 461.7379330177526 478.79259226990246 105.88980635229888
516.1212788167701 484.3198020694121 511.5842491206252 591.928889117748 47.79378081437608
449.68589628654047 443.1502330841243 550.7034038757453 456.99149748038667 173.92363147710853
465.30926537997567 535.9627672634309 419.35366807880587 514.3274202080345 180.04677661809077
505.113185451223 515.0607468570408 499.77264947022417 473.7404644655552 61.5678850869718
403.2847645108099 594.9782188408284 579.150831491879 483.8225422317248 12.7969654525488
584.3928234497652 481.14015896500734 558.0709455580068 488.52732343417784 187.7505489602972
501.08877769798676 533.2142571053506 710.1953216010407 566.0262231396689 29.5839050484644
508.0227979259316 489.08990390233896 534.5349686716517 520.2972721959795 21.96681389003188
386.1839304071817 473.4436855872333 511.97072425410744 475.0713939297353 122.14949147417872
479.6832862422306 446.98465221957184 552.5372991580837 503.1702064993821 88.353283246979
445.329391679415 530.1776725160912 449.49421108424553 534.527624084928 100.03964877052957
473.8243855397807 551.3768089790419 475.2467601812522 481.27999417976923 25.009228815265573
458.25137227355947 484.9736233731687 523.6442903721423 465.5728356269711 127.63559486733399
465.6603182395792 518.4053419335536 535.6747386660694 515.1023947613037 29.52505882490575
544.1390199264083 534.0961531798616 470.73957213175316 480.88781411902903 112.43275674214875
536.7891994531565 424.8985087556079 556.1991910282441 445.8278179126296 41.18186117124527
501.1824246454152 548.6171434196715 542.1445211654624 480.72762365104757 195.8687626654516
522.8670185917489 472.6315643222002 437.1793188284968 476.6634927331193 142.95318425088243
498.2272336290599 414.03721426865343 516.3052390683287 482.2559477503894 66.08501506514722
416.25917014114884 525.8744373931324 514.1627923197 478.1810905517315 68.04221736974618
577.3204999517146 456.5115792154938 424.008674935822 524.274109707402 151.6953149157389
573.6263478378776 503.58936757374465 526.0367419334212 465.63995170317224 96.83999062190294
446.3708298448212 526.4214917182431 472.50432831826424 549.947779219264 146.52951426174985
582.7745477595165 496.21845611575856 533.5447086931507 513.8112247430639 173.85151983217932
439.20656471514667 474.3324132688557 466.5840147215476 465.1718910015272 133.11336612768747
490.5540903820946 475.4949382637719 514.0662992851659 603.5074075818354 53.11032108086836
446.06988805659415 527.6338101647584 521.2958751154763 516.2805426135036 66.62483250269759
531.7592936237398 520.951281081141 450.8493863554125 630.3377219759983 155.0333157718352
552.8997990188852 586.4283362446768 470.042922631798 506.4705256435358 181.6131874357834
458.25981974755365 541.5185173323291 545.5640420163186 518.3998326244895 82.54856428347806
531.6518692582222 482.3539305001559 506.6527650422728 474.7931968694884 199.85436297458392
496.75156332985483 474.74302356107125 482.38206261095365 489.644345782411 96.99116384857207
416.2954321137729 520.6268522610593 498.93993837970913 484.4760884686993 174.413208151209
525.8743915994957 624.4929784352431 533.3603207632673 549.2867197408518 61.88589020812171
568.11621193864 474.0064100785228 452.4521748045879 409.3405787830766 50.952064933813446
472.7553724942573 560.0740148244872 470.5773601764227 523.2392944898996 79.84024188718753
449.6004643377815 581.4689735382879 496.29812795622735 507.5304236997271 192.3218408197806
560.6548912785685 542.2084129016192 545.9062299305803 532.5358023805647 183.72364742509853
546.3393830884066 554.4004931925887 608.9036540225001 497.14824469743013 114.84551474245038
545.087026182948 418.90530862139633 523.2854144177176 529.0988284364389 189.81674627187732
460.59406644921825 538.0869349049447 389.96223738735375 527.5149966670829 38.89870139426643
499.5356053657111 422.45809531024264 513.3740577942973 472.95211027483447 109.23153666440697
501.17102854793 465.7982476570752 485.30445852813864 463.12120014695506 150.44434043517188
435.04009198533373 466.48418557947747 435.39012347443685 479.3976407849376 53.52538841635214
532.8980510336143 503.6614940299557 519.7746241167523 467.57885290516134 123.21949543243532
504.5532718053555 450.34050951825765 592.1063893545946 439.3151122572703 84.79948351084921
509.3762154175182 464.46584346386226 522.22567058559 444.9555094315612 121.02659571765182
479.71323980304413 454.10328606325663 520.3557335177873 515.0918716681783 185.7693963346468
487.1951741377862 519.6236930073396 507.60674806096193 603.1243635734447 39.867452566466575
467.11512075341784 523.7567653869249 455.19341596640675 457.3248469692848 77.24986681363028
483.1211663429366 431.9942836033408 487.0447147048981 435.81599266449695 127.88783672759747
471.94694125209134 466.4481606946821 533.3354360425907 405.0758065155378 142.47871849391106
510.219396751598 442.317122492415 508.81918687345797 437.176879949658 55.779803201669964
573.4991448390097 491.80573525878435 494.29624243201965 483.9568791951253 137.83188778157393
514.2764258295606 481.3298037076592 568.0326627568264 489.840166613052 18.517256328991134
562.3628791166946 515.3336633432268 497.872856070251 410.8486490473859 58.21129646657116
468.81167172984044 515.7004605240376 550.1012854062351 481.35056272412714 144.27127267754787
500.4321597435478 425.6981416997618 428.40164530406315 521.28796981359 183.0227558032093
435.85007446705185 512.5001966436946 444.0856705064396 523.9122188630606 124.85229392568408
477.7032004181784 459.64861035350384 504.18973209689426 453.6639626661358 62.84869105299677
461.5851094513889 523.6947840483252 532.2698150039727 494.4736717660395 141.937485785328
509.9474224168295 502.3414188516738 399.4679980407597 465.6624775731344 130.15047152650067
439.49304277979354 486.84566505683364 479.73452740471646 416.7170970142445 71.1378351519347
424.65829296367934 564.7720646000886 510.3180507563972 472.719500471114 14.441245677288244
574.3254625998876 515.4101870700277 506.32033275397197 525.4951851499974 174.20936154118468
434.7007736962521 571.1141349265447 429.9611658130159 422.0610832931842 68.0308011195082
431.84661106957793 455.95057054846797 461.5871415799694 486.5153538064042 74.5781169031754
531.5213694148644 566.3452886524706 489.273384982074 478.4048538288139 124.67961710275661
517.9345429964219 486.1718990082677 484.97300264080604 461.6519037478306 180.0856148636809
518.7069998235829 456.3351604925207 454.6930116304101 426.0899899708914 197.17622948918688
712.2059766451862 632.5177084243293
26.013711454313576
120.68742160287275
135.3365047851635
176.65381196827107
113.02056284480842
125.67798728600071
138.52814828526422
14.162389709063364
160.01257749483437
354.86673880824696
