20 30 5
730.519863614471 88.2584096762259 702.7954230981913 702.7954230981913
488.9045498516358 461.837214623537 475.68249867878575 475.68249867878575
448.59839122831266 697.71234322453 857.9193921814032 857.9193921814032
277.76730575780937 759.9608278137966 493.21149176687175 493.21149176687175
219.24450192488786 920.4140116502297 182.93785402210204 182.93785402210204
886.055787176944 222.00160212508914 184.37897877866115 184.37897877866115
883.8785592364335 439.4655870909728 159.11689077631885 159.11689077631885
392.8764411717487 994.7320023919717 579.7409726073525 579.7409726073525
881.5007984632135 283.14893938234917 574.0323579218652 574.0323579218652
247.82537013522344 593.5642792213479 776.0899217184082 776.0899217184082
511.84878495564965 77.20751395148085 643.2844417269239 643.2844417269239
40.160273574101566 683.0675875686567 594.4913841771562 594.4913841771562
450.7340710434795 354.55214569387994 14.892128524887639 14.892128524887639
301.8438439643312 125.4340129235555 770.002569221512 770.002569221512
349.74192962265226 692.3181656954706 68.87358980917003 68.87358980917003
202.52173727045152 34.10703423899308 834.1143140462319 834.1143140462319
193.29799950924675 232.3350607549628 773.1517765134182 773.1517765134182
38.442914792698126 684.042959890925 27.715410551212074 27.715410551212074
583.1768198762466 833.451923245626 111.80640122548935 111.80640122548935
617.525902426933 650.5844191198323 165.38587590893593 165.38587590893593
807.1693226997464 762.8274255670934 984.6755704990118 401.0779748864115 106.4112836720658
831.5516531102123 361.08463619261676 831.3364852975972 504.14973335073574 114.06920029283305
119.80923653381726 269.906855119586 96.92112383329032 137.25519162005105 169.29473334633914
146.21859689926842 920.8031108610201 15.41381259063046 33.27716354838528 30.696292333518997
534.6584786422532 426.43957624067576 389.5701281553158 507.88639806234295 127.57660857518087
444.64752520802267 509.51606804209837 126.6682564648296 438.31259207280215 179.81350861609138
587.708092598672 969.7856924496144 786.0083481824627 268.7319151306215 40.972921006281666
864.1945529404769 907.7669388776568 528.5281440004962 874.8567207660672 14.219127971497402
553.7062307979554 969.9804901837273 809.0878226532615 360.32247066139456 67.36579732090613
338.32373215897024 287.4843418937697 776.7817990734527 963.9920332645414 14.164428587318753
934.2341079979799 489.4603871821611 238.88313817140704 766.4719500970257 165.61670770958585
204.03963194845943 957.1328420984963 993.6601906609728 660.2165754142414 134.73492791724885
722.497075647343 189.0067184459895 593.3975403874408 532.9664301208722 126.76213464222667
479.055674819712 953.060257470784 111.69833528947338 79.4348835411952 99.01112918060632
780.9211823224256 559.9909399192553 161.86274917118592 449.756056124912 166.79139774777533
233.16755163986713 686.9102864371123 352.27394167364514 741.9926060637002 99.13026680400584
633.4655222066144 374.13878714553096 129.84854554832847 404.85860838288625 59.508016382768965
647.2456628593831 98.22784082326208 816.4173720365006 18.749620455986605 66.61591060639407
596.6308713899635 759.4132259760502 801.2166074149973 829.3172087346866 87.41299123661136
678.4565756609409 406.89247290276467 734.432238778578 307.44330757718495 152.71436998133407
451.4661519943062 34.248433275437584 44.02503467725416 969.9366884412001 74.68882145494622
731.7680984665974 611.7719672853606 746.0612296112789 612.1024616269495 193.6526858670519
793.4433751208418 62.2509183963671 865.8091000876 950.1567084799447 65.36894749014158
375.4883488064464 339.997522009385 564.3770589840468 750.0291674742202 146.73468862824737
787.8933955252056 425.6154262778473 458.23484744647334 709.3014729616672 98.90494703567296
932.5345632533233 515.5183058801248 514.2739425305708 368.87489114193306 57.88379215143517
305.7639079472063 157.88727833948647 141.94201535246088 946.5800215852274 60.442151873776616
729.3221752485707 586.1022132731363 730.3798796727376 320.5936377777854 48.833459493150926
317.78224651875587 125.33468853607022 389.46340397728864 138.59260642125372 16.127518040181705
890.6104626078344 724.7063663094149 249.40593167920954 709.563849551258 101.71079622679592
474.93639009303735 35.012976860070324
17.46396776938193
345.188791774263
155.53854544684293
135.8771420849594
61.878120301388236
