5 7 2
730.519863614471 88.2584096762259 886.055787176944 999.2193245362517
488.9045498516358 461.837214623537 883.8785592364335 91.61461517943359
448.59839122831266 697.71234322453 392.8764411717487 560.5012223170509
277.76730575780937 759.9608278137966 881.5007984632135 836.3621386637564
219.24450192488786 920.4140116502297 247.82537013522344 28.30595704678196
511.84878495564965 77.20751395148085 702.7954230981913 999.2193245362517 13.61442462166914
683.0675875686567 450.7340710434795 475.68249867878575 91.61461517943359 41.90969311244919
301.8438439643312 125.4340129235555 857.9193921814032 560.5012223170509 41.4767736660387
692.3181656954706 202.52173727045152 493.21149176687175 836.3621386637564 13.069633081509377
193.29799950924675 232.3350607549628 182.93785402210204 28.30595704678196 13.459862331342832
684.042959890925 583.1768198762466 184.37897877866115 886.7181596394772 85.01067309210634
617.525902426933 650.5844191198323 159.11689077631885 943.8636522158677 34.6461759421625
579.7409726073525 7.854575960703936 61.662912212967875
5.881941522663525 776.0899217184082 36.6080698810764
